OTUId	C7.3	E4.6	G8.5	C7.4	E4.1	E4.8	E4.3	E4.2	E4.4	C7.5	G8.1	G8.4	C7.2	E4.9	C7.1	E4.7	G8.3	E4.10	E4.5	G8.2
OTU_23;size=14173;	389	811	839	1206	527	27	1099	954	1246	416	824	1458	125	1044	1848	1361	643	659	460	806
OTU_1;size=147834;	8029	5629	11954	19542	12607	192	7238	6150	6131	7955	7403	11059	1608	8002	7155	13665	11529	11800	4748	5631
OTU_19;size=16326;	13696	8	29	43	18	27	20	20	13	125	46	42	197	15	4572	34	45	21	19	11
OTU_2;size=96537;	2407	3036	9176	4324	5439	132	5405	11176	6313	2241	6457	9629	897	5516	5585	5405	8229	5243	4303	6005
OTU_285;size=282;	1	2	3	314	2	0	2	1	65	0	0	4	1	1	2	0	4	1	31	2
OTU_18;size=13355;	88	383	1412	541	887	16	191	568	366	41	378	944	343	1788	3305	1283	1229	409	580	717
OTU_3;size=52927;	33	16	61	56	39	57722	25	39	33	43	47	66	30	34	50	53	40	30	20	37
OTU_104;size=2514;	14	1	1403	17	14	6	258	7	5	35	492	15	157	59	234	7	155	83	132	258
OTU_755;size=33;	0	0	0	0	0	0	58	0	0	1	0	0	0	0	0	0	0	0	0	0
OTU_5;size=62172;	2559	1842	5009	3379	4509	2441	2301	3898	4001	4289	5253	4508	1498	2944	4954	5225	4494	4751	3267	2440
OTU_198;size=2169;	135	318	56	17	85	14	147	93	86	295	17	438	282	103	198	155	48	119	302	256
OTU_11;size=40372;	25	81	1086	43	32	39	28	44	23	30	9658	31697	30	17	827	38	176	2243	378	181
OTU_12;size=22685;	3084	1549	1602	2765	105	33	1099	1170	156	646	612	1200	581	70	2120	3367	3263	1377	731	955
OTU_4;size=47911;	5199	1152	4318	1108	2800	42	3125	1813	866	2566	6587	4010	1599	490	7804	3097	2227	1209	3019	892
OTU_25;size=7957;	5	3	14	10	6	9054	6	10	6	7	10	13	9	4	12	12	8	5	4	3
OTU_1254;size=8;	0	0	0	0	0	1	0	0	1	0	0	0	1	6	1	0	0	0	0	0
OTU_86;size=1822;	3	75	339	65	4	6	1	1	11	68	327	4	2	6	13	102	711	253	3	2
OTU_7;size=32134;	4215	738	2899	3238	1822	88	1255	1322	1444	3075	1619	1592	1056	1865	1850	3110	1899	1791	1186	1007
OTU_37;size=8971;	10	6	21	17	11	10	5	8	5	11	1695	7020	2	8	15	13	1798	10	5	4
OTU_10;size=49690;	1290	2082	2263	3855	683	50	1663	498	1508	5051	7216	4152	990	2920	4939	6510	5994	1663	1620	2463
OTU_33;size=5214;	296	5	8	699	16	5	4	10	1139	614	23	155	2	40	573	19	2036	6	494	65
OTU_112;size=1103;	2	173	75	216	77	2	24	72	1	5	123	64	5	101	178	6	7	1	140	160
OTU_6;size=32838;	859	25	1340	1462	34	37	61	336	38	14860	103	486	6210	34	11339	73	95	199	36	297
OTU_655;size=69;	0	107	0	0	0	0	0	0	0	1	1	1	0	0	1	0	0	0	5	0
OTU_176;size=462;	0	13	50	4	101	1	0	2	3	3	3	145	0	28	2	275	23	1	1	16
OTU_48;size=3341;	80	143	305	246	301	6	140	37	138	159	468	70	158	193	413	159	283	394	226	144
OTU_53;size=3940;	178	55	656	483	56	4	176	348	91	207	316	207	3	320	632	422	98	277	94	233
OTU_27;size=23464;	32	277	2391	1832	47	27	924	777	800	1820	1441	961	227	288	176	576	628	854	1278	847
OTU_40;size=4654;	200	297	234	165	436	7	408	360	91	81	200	318	159	184	400	464	760	302	241	257
OTU_175;size=748;	2	43	5	113	6	2	9	3	31	73	96	64	154	15	106	8	315	5	39	1
OTU_87;size=2045;	118	45	633	431	15	2	8	80	157	50	151	44	20	83	242	12	106	391	66	27
OTU_54;size=4047;	94	17	7	101	445	5	104	199	521	489	139	404	8	360	687	814	366	24	16	311
OTU_163;size=1416;	0	2	7	152	0	1	2	4	2	3	4	1475	0	0	289	2	2	1	0	0
OTU_1431;size=255;	497	576	585	362	402	28	852	1060	1163	334	1527	724	190	495	290	1089	575	890	218	445
OTU_9;size=53127;	3547	1440	4217	2608	1803	77	3413	3022	2307	2297	3508	2834	700	3702	3907	6699	6071	4154	2045	4573
OTU_92;size=1380;	1	1	1	301	18	2	1	6	3	2	0	5	2	25	1351	1	1	0	1	0
OTU_28;size=7612;	269	353	150	1173	2733	8	117	275	29	33	797	1443	4	1189	88	208	25	111	5	11
OTU_935;size=2497;	21	16	1149	150	35	2	112	1397	19	71	61	47	9	15	1049	41	32	50	46	27
OTU_57;size=2871;	48	3	6	46	6	7	15	175	3	137	690	372	10	3	118	8	1902	4	6	3
OTU_212;size=1404;	63	20	517	219	6	7	142	10	489	72	76	410	114	37	577	320	21	32	90	13
OTU_101;size=2566;	72	10	186	142	337	1	43	218	190	269	223	98	104	66	152	118	347	185	83	90
OTU_271;size=2231;	420	299	32	130	207	5	325	556	152	88	60	16	405	543	55	41	31	361	225	176
OTU_127;size=1430;	4	2	214	2	1	2	0	6	1	7	6	2	3	5	10	3	1675	3	1	2
OTU_21;size=16126;	1333	415	2884	757	641	24	279	1060	258	1439	886	1011	703	734	887	884	2976	506	450	765
OTU_41;size=9086;	158	76	1094	160	62	8	183	95	1047	740	522	720	10	242	514	43	1673	472	225	987
OTU_76;size=2388;	10	111	78	19	8	3	59	2	582	821	22	382	8	387	114	370	8	0	129	7
OTU_44;size=3630;	196	34	480	28	219	10	95	140	9	809	17	88	10	67	358	484	103	26	397	847
OTU_93;size=1478;	22	123	13	71	76	3	175	227	312	30	16	74	16	23	133	400	112	89	7	4
OTU_51;size=3571;	16	8	9	16	8	8	2	9	16	18	4	8	6	166	8	200	3752	3	111	3
OTU_1485;size=34;	1	0	38	0	1	0	1	8	0	4	1	5	6	0	2	0	0	1	0	1
OTU_24;size=9463;	306	615	1201	762	1053	7	290	881	503	579	840	574	87	346	788	751	332	702	135	367
OTU_60;size=2490;	10	5	3	84	2	114	2	4	4	1079	12	7	3	6	483	5	122	993	4	4
OTU_8;size=21664;	123	172	49	84	2378	36	289	38	25	48	59	848	15670	20	4246	47	40	33	809	24
OTU_13;size=22548;	1712	1049	2173	3443	1023	34	960	627	492	2297	1657	1420	86	1056	1545	1322	735	1809	1228	1444
OTU_38;size=10953;	248	212	2017	724	179	17	198	918	160	2979	1405	215	170	273	887	2044	466	385	171	359
OTU_140;size=815;	38	14	3	2	303	2	20	1	137	1	3	6	0	0	313	27	0	82	116	0
OTU_208;size=551;	3	0	10	2	576	0	70	3	1	194	2	8	1	0	2	2	2	0	1	1
OTU_16;size=38904;	1632	1016	2085	1702	1962	59	1350	3328	1208	1755	2811	1767	549	1622	1386	2686	3364	2098	1226	1331
OTU_216;size=383;	312	0	2	5	5	0	1	1	0	1	0	258	1	2	2	0	2	1	2	0
OTU_374;size=145;	0	0	0	0	0	0	2	1	1	75	0	0	0	0	103	0	0	0	30	0
OTU_35;size=5354;	256	9	299	279	17	3	256	407	116	286	102	414	106	176	392	420	2290	217	469	42
OTU_138;size=1989;	101	96	278	140	175	5	42	126	114	126	68	84	56	235	373	181	339	75	70	89
OTU_17;size=13133;	124	193	1639	786	991	24	282	1474	1690	642	461	1185	154	881	746	1088	702	857	913	333
OTU_61;size=3147;	6	7	8	5	4	3	2	6	21	275	12	2884	1	3	4	646	9	2	7	7
OTU_36;size=4441;	14	4	6	18	1777	27	3	3	2	5	8	20	9	3110	37	12	8	11	4	6
OTU_15;size=14268;	12	7	21	21	4511	1657	10	8	1167	18	13	16	7	13	17	8518	13	5	7	5
OTU_724;size=47;	1	0	0	0	0	0	0	0	0	0	0	64	0	0	1	0	0	0	0	0
OTU_210;size=616;	0	0	0	1	1	0	0	5	2	1	0	2	1	2	2	880	2	1	1	3
OTU_46;size=4908;	67	17	1304	1152	847	7	176	617	76	76	475	140	24	204	138	58	284	231	51	246
OTU_209;size=1222;	133	3	173	3	1	1	43	9	46	16	37	11	0	4	336	823	3	2	58	88
OTU_1547;size=4;	0	20	0	0	0	0	0	0	1	2	0	1	0	0	1	0	110	0	0	0
OTU_150;size=670;	117	2	6	5	2	3	470	2	1	8	1	3	3	2	277	2	5	3	1	3
OTU_947;size=18;	0	0	0	0	0	0	0	0	0	0	0	0	0	0	0	30	0	0	0	0
OTU_34;size=6100;	337	74	72	482	46	11	509	1205	680	1301	108	148	17	372	953	432	212	232	161	283
OTU_62;size=2569;	68	58	439	92	321	5	99	6	45	51	77	36	100	155	197	243	518	212	266	224
OTU_67;size=2984;	17	225	138	69	536	6	39	158	97	10	28	168	5	135	500	293	843	423	114	39
OTU_463;size=85;	0	84	2	1	0	0	0	0	1	2	0	1	0	41	0	1	0	0	0	1
OTU_52;size=4073;	34	153	675	35	8	5	99	139	349	947	706	200	13	78	296	145	184	272	13	587
OTU_26;size=10753;	1002	301	327	270	353	18	495	643	676	378	588	789	107	262	816	309	1825	930	500	772
OTU_165;size=561;	2	1	2	1	0	3	0	0	0	3	3	0	0	0	183	483	2	142	2	1
OTU_1325;size=815;	250	419	150	76	127	12	559	456	367	1089	943	752	31	271	853	793	515	1086	1298	729
OTU_91;size=1697;	2	50	8	7	95	2	9	110	113	8	113	308	2	244	280	141	323	300	103	7
OTU_256;size=328;	141	0	32	66	4	1	2	2	1	4	2	3	1	2	4	4	239	3	2	1
OTU_1142;size=9;	0	0	0	0	1	0	0	0	0	0	19	0	0	0	0	0	0	0	0	0
OTU_1477;size=186;	1051	1	470	407	160	3	77	7	198	6	12	61	3	7	132	6	134	12	12	62
OTU_1296;size=8;	0	0	24	0	0	0	0	0	2	0	0	0	0	0	0	0	0	0	0	1
OTU_75;size=1932;	195	30	234	8	324	6	60	51	6	147	292	68	30	4	28	365	149	312	65	68
OTU_447;size=99;	0	0	0	0	0	0	0	0	6	0	154	1	0	0	0	1	1	0	0	0
OTU_180;size=705;	3	0	6	45	25	0	42	118	160	5	9	4	3	16	11	513	1	17	22	2
OTU_242;size=1148;	53	139	287	214	557	6	158	41	242	114	197	197	188	112	69	300	399	168	257	60
OTU_282;size=277;	0	0	0	3	0	0	0	0	0	399	0	3	1	0	1	0	0	1	0	0
OTU_45;size=6699;	408	117	80	1549	621	16	230	1042	551	704	353	500	116	114	623	844	133	237	278	396
OTU_80;size=2124;	3	2	10	5	4	3	2	3	5	4	2782	5	1	3	3	1	4	5	3	3
OTU_103;size=2391;	2	3	0	2	3	3	0	1	5	1	5	3109	3	2	5	5	1	2	2	2
OTU_109;size=3031;	85	332	29	777	493	5	473	196	382	35	30	421	227	328	414	757	1026	627	278	415
OTU_231;size=459;	1	1	4	145	92	2	35	1	1	0	4	0	0	2	368	4	0	43	1	2
OTU_812;size=28;	0	0	0	0	1	0	0	0	0	0	0	22	0	0	1	0	1	0	23	0
OTU_302;size=327;	3	0	2	0	0	1	1	0	0	1	1	289	0	1	0	1	179	0	0	0
OTU_78;size=2913;	1292	4	149	724	423	5	9	15	295	18	201	287	3	7	11	12	13	4	181	13
OTU_646;size=50;	0	0	1	0	0	0	0	0	0	0	81	1	0	0	0	0	0	0	0	0
OTU_145;size=705;	1	0	2	2	0	2	2	1	0	884	1	0	2	1	1	0	4	2	1	0
OTU_301;size=240;	159	0	62	0	0	0	1	0	1	0	54	0	0	1	3	0	1	2	0	0
OTU_70;size=3429;	621	135	1262	263	39	4	125	569	21	74	272	120	4	12	110	240	15	267	120	53
OTU_570;size=521;	14	9	781	195	60	6	234	325	15	28	294	213	18	161	738	32	25	11	565	72
OTU_232;size=376;	58	0	0	59	0	2	6	2	74	1	1	33	6	46	2	270	4	6	0	0
OTU_136;size=937;	345	3	136	7	130	2	4	65	70	8	99	210	4	0	59	30	71	29	3	25
OTU_88;size=1550;	13	1	128	8	9	2	4	479	77	299	239	16	110	8	9	10	10	2	6	558
OTU_158;size=1457;	56	92	197	269	84	5	80	30	27	15	100	112	39	233	110	352	11	118	116	63
OTU_1498;size=116;	184	13	843	200	272	7	316	151	272	16	248	196	121	62	222	120	470	488	142	18
OTU_72;size=1999;	23	23	206	84	171	6	139	30	214	256	55	138	34	49	427	181	247	4	144	25
OTU_132;size=897;	144	1	1	1	1	1	154	3	33	251	32	29	0	89	93	11	2	198	77	2
OTU_47;size=4272;	138	35	337	1709	80	3	191	276	363	387	99	126	17	573	52	175	193	205	188	49
OTU_22;size=12773;	971	291	612	2252	297	19	918	141	160	231	628	159	172	252	726	1378	1757	1515	374	966
OTU_333;size=158;	0	0	0	0	0	1	0	42	1	0	0	1	0	1	0	191	0	0	0	1
OTU_162;size=655;	6	2	4	2	0	3	100	31	132	61	60	54	8	11	39	74	7	222	136	1
OTU_107;size=3449;	357	98	229	326	93	21	180	392	417	89	346	170	77	143	361	469	98	409	188	308
OTU_969;size=23;	0	0	7	0	0	1	5	0	0	0	1	0	0	0	2	0	9	0	0	10
OTU_31;size=6997;	887	89	1159	654	437	19	526	338	470	581	161	355	129	124	744	638	321	371	457	268
OTU_73;size=2821;	8	39	200	210	86	3	123	14	38	486	303	294	18	278	43	21	823	86	342	241
OTU_357;size=146;	153	0	0	3	2	1	0	1	12	2	1	1	1	0	79	2	0	2	0	0
OTU_122;size=968;	2	0	3	1190	1	0	3	2	2	2	1	5	1	1	9	2	3	1	1	1
OTU_326;size=165;	0	0	1	0	1	0	0	1	58	0	135	1	0	0	0	5	0	34	2	1
OTU_1172;size=10;	12	4	0	0	0	0	0	0	1	0	0	0	0	1	0	0	0	1	0	0
OTU_636;size=55;	0	0	75	1	0	0	0	0	1	0	0	0	0	1	0	0	0	0	0	0
OTU_110;size=1710;	17	55	112	14	448	1	92	254	17	70	75	89	1	357	12	294	137	215	77	117
OTU_281;size=208;	0	0	279	0	0	1	1	1	1	1	4	3	1	1	0	0	0	1	0	0
OTU_99;size=1366;	8	6	180	40	7	3	38	4	114	194	742	33	24	17	59	110	7	128	32	56
OTU_69;size=3593;	164	1	13	661	12	4	148	88	390	254	451	422	7	221	19	341	855	122	382	8
OTU_77;size=1823;	52	78	192	82	230	10	52	132	65	94	65	135	46	150	152	229	237	172	95	17
OTU_129;size=1420;	68	25	75	27	110	4	95	114	2	247	33	14	42	72	6	74	57	141	6	24
OTU_768;size=37;	0	0	1	0	1	1	0	53	0	0	0	0	0	0	2	0	1	0	3	0
OTU_410;size=104;	1	2	2	1	0	0	1	2	1	1	1	1	1	0	0	0	0	141	1	1
OTU_240;size=269;	1	0	1	0	0	0	1	0	0	1	0	20	0	0	1	375	0	5	0	1
OTU_304;size=220;	272	27	2	0	0	0	0	0	1	0	1	0	0	4	1	1	0	1	0	15
OTU_68;size=2762;	49	36	348	797	5	2	244	381	8	482	740	26	13	169	16	12	5	8	3	92
OTU_1322;size=148;	7	12	10	1	224	0	55	5	131	4	137	5	0	25	3	102	36	4	3	5
OTU_631;size=49;	0	0	0	93	0	0	0	0	1	0	0	0	0	1	0	1	1	1	0	0
OTU_268;size=258;	1	42	24	76	3	2	1	15	73	20	2	2	2	2	4	76	1	24	2	13
OTU_684;size=50;	0	0	0	88	0	0	0	2	0	1	0	1	0	0	0	0	0	0	0	0
OTU_113;size=1959;	199	160	219	59	150	5	53	172	73	195	168	11	28	45	163	210	260	134	184	179
OTU_39;size=4993;	61	92	209	188	191	9	147	764	129	1774	375	530	59	243	273	998	176	54	6	42
OTU_385;size=131;	0	1	1	0	0	0	0	2	1	0	0	0	0	0	70	126	1	3	0	0
OTU_1340;size=6;	1	2	3	10	10	0	3	9	4	7	4	1	0	0	3	4	0	6	2	0
OTU_55;size=5343;	4	2	6	10	8	4	6	6	5	9	18	5691	7	3	5	7	12	765	5	5
OTU_83;size=4128;	5	14	241	228	15	8	51	316	468	109	287	187	190	661	273	622	597	121	274	718
OTU_170;size=801;	92	71	69	3	142	1	19	55	30	84	21	20	38	73	69	134	18	97	86	65
OTU_331;size=168;	0	0	70	0	0	0	1	0	1	0	1	0	0	1	3	201	1	4	1	0
OTU_58;size=4264;	928	9	16	683	52	4	225	787	701	187	11	246	6	478	576	19	15	205	158	16
OTU_616;size=64;	0	0	0	0	1	0	0	0	0	0	0	0	0	0	0	107	0	0	0	0
OTU_195;size=419;	1	1	1	1	1	1	1	0	1	2	1	3	0	0	2	0	561	0	0	0
OTU_378;size=126;	0	1	1	1	1	0	0	0	0	0	0	0	0	1	1	0	183	1	0	0
OTU_115;size=2333;	69	50	611	152	91	6	38	46	58	341	193	372	102	158	471	141	68	98	79	184
OTU_202;size=406;	2	53	3	471	2	0	4	0	0	4	3	1	0	2	2	3	0	1	0	1
OTU_1588;size=18;	25	1	12	148	66	4	4	117	151	31	7	81	4	44	36	60	104	66	78	1361
OTU_459;size=146;	1	0	0	1	0	0	23	1	0	153	0	1	43	1	1	2	0	35	0	0
OTU_263;size=210;	9	0	0	73	12	1	1	0	41	41	2	2	0	2	111	2	1	0	0	0
OTU_120;size=1115;	228	25	6	112	29	1	56	43	39	200	57	63	38	51	110	192	167	68	27	42
OTU_153;size=1132;	3	6	6	168	333	1	27	3	81	21	8	81	17	2	165	257	411	1	9	5
OTU_220;size=637;	1	4	726	8	5	3	3	1	3	3	4	3	1	2	127	2	2	0	3	2
OTU_84;size=1607;	2	1	2	1973	5	3	0	2	1	2	0	6	1	0	1	5	2	1	0	0
OTU_1074;size=12;	0	0	0	0	0	0	0	0	0	0	0	0	0	24	1	0	0	0	0	1
OTU_116;size=2893;	298	58	207	874	212	11	78	243	63	363	308	128	146	160	464	463	157	479	159	244
OTU_425;size=95;	0	0	1	0	0	1	1	0	0	0	0	143	0	0	0	0	0	0	0	0
OTU_431;size=140;	0	0	0	147	0	1	0	0	43	0	1	1	7	0	7	2	0	0	0	1
OTU_760;size=35;	0	1	0	0	1	0	0	1	0	0	0	7	0	0	0	0	41	0	0	0
OTU_709;size=58;	0	0	15	0	0	0	1	0	1	0	0	71	0	0	0	0	1	0	0	0
OTU_1000;size=34;	2	0	88	1	1	0	0	57	28	0	3	0	2	0	2	1	0	0	0	4
OTU_131;size=2054;	8	309	150	96	435	1	130	56	233	198	174	547	5	57	242	66	11	57	105	9
OTU_245;size=255;	2	1	2	125	0	0	133	1	1	58	0	53	2	0	0	3	0	1	7	1
OTU_139;size=1607;	559	0	308	10	3	2	1	1	5	9	6	6	5	500	176	2	6	290	3	244
OTU_95;size=1169;	6	1	1	0	4	1435	0	3	2	3	1	2	2	1	1	1	2	2	1	0
OTU_648;size=45;	0	0	0	0	0	0	0	0	0	60	0	1	1	0	0	0	0	1	0	0
OTU_401;size=113;	0	0	1	0	0	0	0	0	0	1	0	0	0	0	0	173	0	0	0	1
OTU_43;size=4250;	4	12	41	8	473	7	85	5	100	8	8	208	2327	4	1608	9	62	8	35	4
OTU_59;size=2647;	531	22	3	24	97	6	3	4	64	10	384	6	83	429	1565	67	5	49	2	7
OTU_746;size=51;	0	0	0	0	0	0	0	0	0	0	0	0	1	0	1	73	0	0	0	0
OTU_729;size=53;	0	0	0	0	0	0	0	0	0	0	77	1	1	1	0	0	0	0	1	0
OTU_189;size=547;	1	0	4	1	0	1	1	1	1	238	510	7	0	0	2	1	3	1	2	0
OTU_102;size=1681;	0	1	1	3	2	1	2	2	2	2	7	1287	1	1	4	856	3	1	3	3
OTU_100;size=1651;	123	38	290	139	240	10	6	88	157	72	31	92	24	78	87	78	329	177	6	273
OTU_449;size=104;	0	110	2	0	1	0	0	0	0	0	0	1	0	0	0	0	0	36	0	0
OTU_272;size=244;	10	1	1	2	60	1	1	2	0	0	4	47	1	26	17	1	4	65	0	126
OTU_29;size=6574;	664	95	181	114	1541	4	12	19	81	361	446	1054	25	45	792	264	1555	138	165	63
OTU_65;size=2526;	6	3	4	204	474	3	3	32	286	1	6	564	88	156	417	904	9	2	3	64
OTU_98;size=1223;	211	59	3	250	77	3	16	72	52	201	42	63	116	100	43	122	44	19	24	70
OTU_235;size=271;	0	0	0	0	365	2	0	0	0	0	1	3	0	0	0	0	0	0	1	0
OTU_307;size=169;	0	0	2	2	1	1	1	0	0	0	0	59	0	0	1	1	15	162	0	0
OTU_64;size=4781;	78	35	911	1155	21	2	17	187	21	257	13	57	5	86	125	1	131	216	43	142
OTU_30;size=7670;	10	249	957	15	8	6	6	10	11	12	1375	5149	5	9	65	14	17	9	523	656
OTU_125;size=2687;	10	147	127	282	201	3	41	373	80	161	110	122	137	234	179	211	25	4	109	22
OTU_171;size=541;	1	54	0	41	1	2	90	13	2	5	2	181	23	2	6	2	4	231	106	2
OTU_952;size=20;	1	0	0	0	0	0	0	0	0	37	0	0	0	0	0	0	0	0	0	0
OTU_252;size=236;	6	1	2	2	2	1	1	309	1	2	2	3	2	0	3	2	2	0	0	0
OTU_320;size=170;	0	1	0	0	1	0	0	1	0	265	0	2	1	0	0	0	0	1	0	0
OTU_352;size=146;	0	0	1	0	0	0	1	2	0	0	0	0	0	0	244	1	0	0	1	1
OTU_928;size=19;	0	0	0	0	0	0	0	0	0	0	33	0	0	0	0	0	0	1	0	0
OTU_445;size=95;	1	0	1	1	1	0	3	0	0	3	146	0	0	0	4	2	1	0	0	1
OTU_453;size=183;	7	10	9	14	34	0	4	24	13	13	0	17	10	3	56	23	24	16	6	4
OTU_701;size=51;	0	0	0	0	0	0	0	0	0	75	0	31	0	0	1	1	2	0	0	0
OTU_465;size=244;	10	1	22	6	2	3	3	78	332	81	3	116	1	4	2	102	18	188	4	8
OTU_1243;size=164;	61	48	371	250	45	3	31	32	12	5	16	10	5	27	265	76	5	3	11	39
OTU_742;size=52;	0	0	2	0	0	1	0	1	0	0	72	0	0	0	0	2	0	0	0	0
OTU_781;size=31;	0	0	0	0	0	0	0	0	56	1	0	0	0	0	0	0	0	0	0	0
OTU_857;size=30;	0	0	0	0	0	0	0	0	2	0	48	0	0	1	0	0	1	0	0	0
OTU_155;size=913;	0	138	8	2	3	4	2	1	67	115	284	44	112	133	5	8	2	158	2	0
OTU_343;size=135;	0	0	0	0	0	0	0	0	0	1	0	0	0	0	187	0	1	0	1	0
OTU_477;size=177;	3	1	3	0	115	0	3	1	47	0	2	115	0	0	1	0	0	1	0	5
OTU_578;size=69;	0	0	0	2	75	0	0	6	7	16	0	13	0	0	1	0	0	0	0	7
OTU_403;size=305;	0	1	0	0	0	0	1	0	0	1	1	451	1	0	0	0	1	0	0	0
OTU_614;size=84;	0	0	1	0	0	0	0	1	0	0	135	0	0	0	0	0	0	2	0	0
OTU_283;size=230;	0	0	2	1	0	0	328	2	1	1	1	0	1	0	2	2	1	0	0	0
OTU_213;size=367;	2	0	2	1	1	0	0	1	1	3	0	0	1	1	1	503	2	1	1	1
OTU_118;size=1083;	1	0	1	2	3	11	0	5	0	1	29	9	0	117	4	2	1	1173	9	0
OTU_1541;size=68;	9	134	17	271	6	3	7	9	105	136	307	35	8	161	19	8	877	6	21	232
OTU_96;size=1912;	219	3	83	204	20	1	247	170	8	199	29	75	5	33	227	28	768	73	146	80
OTU_160;size=619;	2	2	2	76	4	2	123	5	136	163	102	6	2	16	3	236	1	2	1	2
OTU_119;size=1533;	4	287	9	5	3	9	130	3	3	183	1285	2	2	7	2	22	3	3	100	2
OTU_280;size=253;	0	0	2	19	17	0	0	1	11	1	16	97	0	0	172	1	0	0	34	1
OTU_1058;size=12;	0	0	15	0	0	0	0	0	0	0	0	0	0	0	0	0	0	0	0	0
OTU_219;size=326;	1	3	53	13	11	1	1	1	45	0	13	30	0	64	182	8	59	4	8	0
OTU_1232;size=104;	6	17	4	54	7	3	32	14	20	1	2	13	31	25	27	25	9	40	14	15
OTU_71;size=2241;	5	3	4	3	5	6	1	313	4	9	163	9	4	895	388	6	11	152	543	401
OTU_123;size=2952;	1	10	565	173	49	11	9	3	188	2503	26	10	3	426	3	6	6	8	15	2
OTU_290;size=441;	3	21	74	30	6	1	5	1	1	5	96	78	49	87	16	20	68	92	5	15
OTU_161;size=621;	1	25	10	13	4	0	77	559	2	3	3	5	1	36	76	3	3	1	1	1
OTU_1305;size=101;	1	8	140	96	4	1	0	42	0	11	22	68	7	7	33	123	19	228	2	3
OTU_142;size=893;	157	1	312	32	248	1	7	42	76	7	9	3	0	78	7	7	187	4	40	12
OTU_827;size=28;	1	1	0	1	0	0	0	0	0	0	0	0	45	0	1	0	1	0	0	0
OTU_1422;size=102;	8	1	4	234	5	1	258	47	1	8	269	3	11	4	7	22	8	44	61	2
OTU_303;size=228;	0	27	5	4	0	2	1	1	5	3	117	235	0	1	3	2	0	2	0	0
OTU_143;size=827;	68	86	142	4	259	4	1	115	127	2	0	103	2	3	83	54	4	58	2	1
OTU_146;size=719;	2	2	3	4	1	2	1	1	1	0	2	4	1	1	1	3	941	2	2	1
OTU_555;size=62;	0	0	0	0	0	0	0	0	0	0	0	0	0	0	0	0	1	0	0	94
OTU_1362;size=7;	0	0	0	0	0	1	0	0	0	0	11	0	0	0	3	0	2	0	0	0
OTU_270;size=230;	0	0	0	1	0	0	5	1	3	324	2	9	0	0	0	0	0	0	0	0
OTU_354;size=156;	1	1	208	4	0	0	0	3	5	1	1	2	0	3	1	0	1	1	1	1
OTU_50;size=3068;	44	3	4	3	3	2	5	8	2	3524	18	6	8	4	28	7	13	7	1	3
OTU_367;size=146;	0	0	1	1	0	1	1	0	0	0	0	2	1	195	0	0	0	0	23	0
OTU_85;size=3233;	101	204	119	191	147	11	182	389	154	144	128	83	71	163	315	390	364	417	79	261
OTU_1100;size=16;	0	0	1	0	24	0	0	0	0	0	0	0	0	0	0	0	0	0	0	0
OTU_229;size=767;	88	0	2	8	103	5	10	77	129	25	2	103	27	98	21	196	66	20	78	48
OTU_1455;size=91;	7	0	119	5	211	14	57	58	130	218	174	26	78	24	97	128	230	40	50	29
OTU_682;size=67;	0	0	0	1	0	0	0	0	1	0	112	1	0	1	0	0	0	1	0	0
OTU_105;size=1658;	175	37	203	278	288	5	95	75	180	64	151	106	1	73	6	12	102	67	119	21
OTU_276;size=467;	301	1	128	1	2	2	2	3	22	5	1	2	0	3	168	2	1	4	52	0
OTU_365;size=302;	4	2	43	216	357	3	2	4	226	25	10	11	4	187	84	9	4	9	3	48
OTU_844;size=25;	0	0	0	1	0	0	0	0	39	0	0	2	0	0	0	0	0	0	0	0
OTU_89;size=1431;	0	0	3	4	1	3	1	1	0	2	2	5	1	3	4	1750	0	0	2	3
OTU_197;size=394;	277	1	2	241	2	0	0	0	1	3	1	2	1	1	2	3	4	1	3	1
OTU_311;size=256;	2	3	11	1	1	1	40	22	9	92	2	2	3	1	3	138	92	2	0	1
OTU_207;size=381;	1	22	37	165	0	4	1	0	0	48	1	152	0	8	43	20	8	3	0	43
OTU_635;size=60;	0	0	0	0	1	0	0	1	0	0	0	0	0	86	0	1	2	0	0	0
OTU_339;size=187;	1	0	0	0	0	0	0	0	1	1	0	0	0	0	265	1	0	0	0	0
OTU_254;size=425;	3	1	0	1	0	1	24	2	0	1	3	2	0	1	1	3	584	1	2	0
OTU_205;size=392;	2	0	2	0	531	0	0	1	0	0	1	6	0	0	2	2	1	0	1	3
OTU_358;size=138;	1	0	0	0	0	0	0	0	0	199	0	1	0	1	0	1	0	0	0	0
OTU_79;size=3165;	8	6	12	15	5	6	61	3725	4	4	28	66	4	1	15	11	15	9	77	3
OTU_108;size=1285;	5	0	4	44	0	3	2	4	2	5	272	4	1	1	6	6	10	1352	14	4
OTU_332;size=166;	119	1	8	4	3	0	3	141	3	41	3	89	6	2	2	0	3	4	1	0
OTU_225;size=399;	0	0	202	65	1	2	1	1	22	28	19	50	0	81	24	2	105	0	1	1
OTU_211;size=695;	3	24	2	2	287	1	4	87	33	1	5	5	1	18	4	74	1	108	73	276
OTU_1118;size=46;	3	3	305	2	1	0	0	2	2	2	17	0	0	0	0	1	1	0	0	0
OTU_420;size=127;	0	0	1	0	0	2	1	0	0	0	204	1	0	0	0	0	0	0	0	1
OTU_1014;size=24;	0	0	0	1	0	0	2	35	0	0	1	0	0	0	1	0	0	0	0	0
OTU_241;size=297;	0	0	3	1	1	1	1	2	0	0	405	0	1	0	0	2	0	1	0	0
OTU_629;size=59;	0	0	1	0	0	0	0	0	0	1	0	9	0	0	0	77	0	0	0	0
OTU_249;size=235;	1	0	2	1	1	1	0	0	335	1	2	0	1	0	0	2	0	1	0	0
OTU_201;size=365;	0	0	0	2	1	2	0	1	2	1	2	2	1	0	0	493	2	0	16	0
OTU_508;size=75;	0	0	1	2	0	0	0	1	0	0	0	0	1	0	99	1	1	0	0	0
OTU_496;size=72;	0	93	0	0	0	0	0	0	0	0	0	3	0	2	2	0	1	0	15	0
OTU_66;size=2051;	5	1383	9	9	4	3	1	0	1	6	13	4	3	3	1	3	6	1	1009	2
OTU_56;size=3730;	8	184	17	91	52	7	432	227	322	67	289	894	96	210	131	484	378	313	462	163
OTU_239;size=298;	0	2	1	1	1	1	0	1	1	0	41	366	1	0	2	2	1	0	0	1
OTU_749;size=33;	1	0	0	0	49	0	1	1	0	0	0	0	0	10	0	0	1	0	0	0
OTU_711;size=53;	0	0	0	0	1	0	0	1	0	8	0	1	1	0	67	0	0	1	0	0
OTU_1432;size=52;	0	91	0	1	0	0	1	0	4	2	8	0	54	39	0	0	0	24	0	0
OTU_141;size=934;	2	1	405	4	2	1	0	4	2	3	193	4	35	2	177	465	3	2	2	2
OTU_347;size=184;	277	0	1	2	1	1	1	1	1	2	0	0	0	0	1	0	1	0	0	0
OTU_289;size=208;	0	0	1	274	0	1	1	2	0	0	2	1	0	0	37	1	1	1	0	0
OTU_493;size=86;	1	0	0	2	0	0	0	1	0	1	2	0	0	0	0	126	1	0	0	2
OTU_651;size=45;	0	0	0	2	0	0	0	0	0	0	0	0	62	1	0	1	0	1	0	0
OTU_121;size=1118;	1	21	242	1	86	0	0	35	182	304	8	27	8	64	49	91	240	27	139	1
OTU_274;size=532;	3	1	2	1	0	1	1	3	4	4	1	35	68	5	3	4	547	32	1	2
OTU_804;size=71;	1	12	1	125	1	0	0	13	0	3	0	0	0	19	1	0	1	13	2	20
OTU_187;size=828;	1	3	9	472	24	1	2	9	7	7	130	175	96	2	31	30	6	43	19	116
OTU_63;size=3234;	231	234	1141	117	516	4	143	72	302	17	415	145	8	117	135	44	157	101	29	47
OTU_334;size=276;	1	0	18	3	3	1	2	1	89	1	8	3	3	23	1	3	240	0	40	1
OTU_643;size=98;	0	0	0	1	1	1	0	1	1	0	0	2	1	0	0	0	1	127	1	0
OTU_1047;size=1866;	78	73	90	75	93	2	94	96	131	83	240	105	33	77	476	342	75	145	38	57
OTU_1229;size=310;	43	2	7	5	2	3	4	120	5	6	296	107	0	2	912	229	11	9	7	273
OTU_526;size=75;	2	0	0	0	1	0	1	0	0	7	0	113	0	0	0	0	2	1	2	0
OTU_624;size=57;	0	0	0	1	0	0	0	1	0	80	0	1	0	2	0	0	0	0	0	0
OTU_328;size=192;	0	2	1	0	0	0	0	1	3	2	0	1	2	1	18	1	0	0	262	0
OTU_741;size=39;	0	1	0	0	0	0	0	0	0	0	0	0	0	0	1	60	0	0	0	2
OTU_953;size=38;	7	0	1	13	0	1	0	0	0	0	2	5	1	0	5	0	18	0	0	1
OTU_322;size=175;	0	14	0	0	3	0	0	0	20	0	7	85	0	1	2	1	1	0	99	14
OTU_147;size=770;	2	1	3	13	5	2	1	983	5	0	2	7	4	4	5	3	1	1	2	3
OTU_850;size=237;	57	60	22	22	25	1	36	160	9	14	13	6	95	106	18	15	11	38	28	64
OTU_1201;size=7;	0	0	0	0	0	0	0	0	0	0	0	0	0	0	0	11	0	0	0	0
OTU_1096;size=19;	0	0	1	0	0	0	0	0	0	0	0	0	0	0	31	0	0	0	0	0
OTU_294;size=246;	2	0	78	2	0	1	257	2	24	4	2	3	1	1	0	3	1	0	22	0
OTU_191;size=698;	6	44	237	36	151	2	65	262	4	132	15	34	40	46	52	118	3	65	210	2
OTU_554;size=93;	0	3	0	51	0	1	1	0	2	1	0	2	30	0	0	1	1	73	0	0
OTU_670;size=53;	0	0	0	78	1	0	0	0	0	0	3	0	0	2	0	0	2	0	0	1
OTU_904;size=24;	0	0	0	1	0	0	0	0	0	0	0	1	0	0	0	48	0	0	0	0
OTU_144;size=1430;	3	4	7	11	1	2	1	6	0	4	132	1517	1	3	3	34	5	10	2	349
OTU_74;size=1914;	230	62	73	369	224	5	112	78	66	210	123	73	38	151	88	125	16	192	158	57
OTU_720;size=39;	0	0	0	0	0	1	1	0	0	57	1	0	0	1	0	0	0	0	0	0
OTU_157;size=588;	1	0	0	1	2	3	0	1	0	1	1	5	0	0	3	1	760	0	2	0
OTU_342;size=219;	1	1	96	0	2	1	1	158	39	2	4	0	0	0	22	0	3	0	4	0
OTU_172;size=521;	0	0	0	2	2	1	1	3	0	4	2	5	0	1	1	707	1	1	1	1
OTU_97;size=1274;	0	0	2	2	2	4	1537	1	1	0	1	4	0	1	3	1	2	0	1	0
OTU_474;size=125;	0	1	2	0	0	0	0	1	0	183	1	0	0	0	3	1	0	0	0	0
OTU_134;size=1312;	2	1	354	5	49	3	9	114	169	99	4	42	3	5	6	216	125	9	1	1
OTU_321;size=200;	0	0	28	2	1	1	0	1	0	1	0	126	0	0	21	37	1	66	5	0
OTU_130;size=1417;	216	2	2	724	1	3	2	3	149	6	2	70	2	20	373	5	77	2	1	269
OTU_221;size=301;	0	1	2	372	2	3	0	2	10	1	2	1	1	1	0	12	1	4	6	0
OTU_314;size=366;	0	2	0	67	2	1	0	3	0	3	1	2	1	259	34	1	1	176	1	0
OTU_861;size=26;	0	0	0	0	0	0	0	0	1	0	0	40	0	0	0	0	0	0	0	0
OTU_693;size=121;	1	8	17	1	0	0	69	0	0	0	0	12	0	89	0	1	0	0	0	0
OTU_286;size=262;	26	7	1	1	1	1	0	1	0	1	2	1	0	2	4	1	1	18	14	265
OTU_269;size=220;	1	0	308	3	0	0	2	2	0	2	3	1	0	0	3	2	0	0	0	1
OTU_402;size=137;	0	0	1	1	62	0	0	1	1	25	0	1	0	34	8	1	1	56	0	29
OTU_758;size=846;	36	128	19	25	108	2	155	462	74	13	34	12	54	202	21	5	18	148	133	144
OTU_179;size=474;	3	13	33	0	1	1	3	4	169	32	130	2	0	2	22	23	2	78	2	150
OTU_203;size=471;	38	11	57	40	91	3	87	19	18	68	37	34	6	31	46	51	33	12	16	27
OTU_386;size=151;	0	0	0	1	0	0	0	1	0	0	0	5	0	0	71	69	1	1	41	57
OTU_532;size=67;	0	0	0	2	0	0	0	0	0	0	0	1	0	0	0	0	0	0	92	1
OTU_277;size=289;	0	0	0	0	0	422	0	0	0	0	0	0	0	0	0	0	1	0	0	0
OTU_226;size=296;	1	1	275	1	1	0	0	1	157	1	1	4	0	0	1	2	1	1	2	0
OTU_368;size=441;	222	0	1	0	0	1	0	1	1	1	1	444	0	1	0	2	1	2	0	1
OTU_1360;size=4;	0	0	9	0	0	0	0	0	0	0	0	0	0	0	0	0	0	0	0	0
OTU_1421;size=9;	0	0	3	4	26	0	4	7	7	5	8	7	5	5	21	4	3	5	4	0
OTU_1265;size=74;	21	15	55	34	22	4	28	33	9	6	12	22	12	57	10	24	15	39	11	12
OTU_190;size=410;	1	2	9	25	74	2	15	5	20	21	2	48	16	15	33	61	164	0	14	51
OTU_154;size=869;	26	44	8	6	2	6	7	335	59	6	253	7	128	4	25	174	43	7	41	57
OTU_243;size=252;	7	0	0	75	33	0	1	0	51	1	0	2	1	100	1	1	0	81	0	0
OTU_330;size=285;	0	4	22	0	0	0	3	0	0	27	94	4	0	1	248	1	2	42	1	1
OTU_194;size=909;	1	3	2	2	0	1	96	3	4	211	333	9	0	23	3	544	4	2	10	6
OTU_152;size=742;	104	1	277	5	2	1	14	19	2	2	1	65	0	95	1	3	5	418	1	40
OTU_124;size=995;	3	1	2	3	3	2	1	3	2	77	6	136	2	102	25	842	0	4	78	0
OTU_248;size=298;	1	1	3	12	2	2	286	93	3	4	3	6	1	1	2	4	1	1	2	3
OTU_590;size=653;	0	0	2	1	0	0	1	323	1	1	8	0	4	353	19	0	0	60	202	169
OTU_649;size=47;	0	0	0	0	0	0	0	0	0	41	0	0	0	0	2	0	0	1	0	29
OTU_168;size=508;	61	49	3	110	4	0	1	4	1	89	15	2	1	2	5	1	139	2	154	55
OTU_505;size=68;	1	0	0	0	0	0	1	0	0	0	0	0	0	0	1	0	1	0	0	94
OTU_341;size=158;	0	0	1	1	0	0	0	1	0	68	2	136	0	0	2	3	1	1	0	0
OTU_193;size=384;	0	0	134	68	235	0	0	2	0	2	3	3	0	0	61	20	3	0	3	0
OTU_515;size=91;	0	81	0	1	0	0	0	0	0	0	1	0	0	0	0	1	1	0	46	0
OTU_114;size=1751;	22	30	275	12	53	3	2	69	15	135	94	181	178	35	353	103	1	256	26	17
OTU_443;size=91;	0	0	0	0	1	0	0	1	0	0	0	140	0	0	0	2	1	0	0	0
OTU_82;size=2148;	10	3	8	590	7	2	152	37	3	38	13	7	4	7	15	1290	4	2	0	4
OTU_1544;size=2;	0	0	0	0	0	0	0	0	0	0	1	0	0	0	3	0	87	1	1	0
OTU_417;size=195;	155	0	2	97	1	1	1	2	1	1	0	30	0	0	1	4	3	0	0	0
OTU_384;size=189;	14	4	3	104	0	1	0	1	2	0	2	13	0	0	1	1	0	101	0	69
OTU_149;size=744;	5	1	0	4	4	1	1	2	0	5	2	3	3	2	3	3	11	1	941	1
OTU_500;size=85;	0	0	0	0	0	1	0	0	0	1	0	0	0	0	0	0	0	129	0	1
OTU_1176;size=33;	106	0	2	1	0	0	47	1	2	0	1	0	0	60	0	0	0	1	2	0
OTU_1555;size=38;	4	13	3	26	7	1	9	0	24	1	27	4	23	11	4	9	72	47	54	4
OTU_255;size=382;	0	0	2	55	0	1	4	1	438	0	58	4	0	0	3	1	2	1	2	3
OTU_111;size=1552;	86	75	194	81	4	4	119	1	59	12	7	12	347	33	64	12	11	548	150	303
OTU_329;size=159;	0	1	0	0	0	0	1	0	10	36	0	1	1	0	1	185	1	0	1	1
OTU_536;size=85;	0	0	1	0	0	0	0	0	34	2	1	64	0	0	1	0	2	31	0	1
OTU_133;size=931;	66	50	131	166	8	0	59	102	41	54	170	50	3	10	73	87	195	57	10	18
OTU_546;size=70;	1	0	49	0	1	0	0	0	0	1	1	0	0	1	0	47	0	15	0	0
OTU_1190;size=189;	24	35	3	12	35	2	25	117	15	7	12	1	23	51	3	2	4	49	22	24
OTU_227;size=312;	1	8	2	17	2	0	47	1	0	1	88	4	0	2	3	191	79	0	0	0
OTU_298;size=230;	2	21	1	42	21	1	1	2	2	35	0	26	0	38	65	4	1	112	1	0
OTU_572;size=67;	0	0	0	0	1	0	0	0	1	0	0	117	0	0	0	0	0	0	0	0
OTU_94;size=1420;	1	2	6	5	1199	2	2	2	1	2	144	350	1	1	8	4	3	0	4	2
OTU_206;size=747;	2	268	14	5	1	2	3	2	6	4	6	4	672	86	5	4	5	2	3	0
OTU_430;size=129;	0	0	2	52	0	0	0	0	1	2	1	84	0	2	3	69	1	1	0	1
OTU_422;size=185;	1	0	0	1	0	0	0	0	154	2	1	1	0	1	121	0	0	0	1	0
OTU_1424;size=17;	6	7	0	0	1	0	0	0	0	0	0	1	0	0	0	0	0	1	4	40
OTU_379;size=328;	19	1	3	6	4	0	1	0	1	1	86	0	4	1	184	103	1	40	0	85
OTU_466;size=93;	0	0	0	128	0	0	0	0	0	1	11	1	3	1	1	0	0	0	0	0
OTU_296;size=434;	0	18	6	4	18	2	46	64	3	1	279	8	6	188	8	3	2	0	2	3
OTU_957;size=21;	0	0	0	0	0	0	0	0	0	0	0	0	2	0	0	0	0	41	0	0
OTU_1022;size=14;	0	0	0	27	0	0	0	0	0	0	0	0	0	0	0	0	0	0	0	0
OTU_381;size=301;	3	0	207	1	13	1	2	3	1	3	2	7	1	3	1	0	0	82	1	1
OTU_214;size=514;	0	0	3	1	3	4	5	3	0	309	387	4	0	3	33	6	3	1	1	3
OTU_976;size=31;	0	0	1	0	1	0	0	0	0	60	0	0	0	0	0	0	0	0	0	0
OTU_185;size=494;	3	2	2	0	141	2	3	115	0	3	6	3	0	5	147	1	138	52	1	80
OTU_841;size=27;	1	0	0	0	1	0	0	1	0	0	0	0	0	0	43	0	0	1	1	0
OTU_517;size=71;	0	0	0	0	1	1	0	0	0	0	0	0	0	0	0	0	0	112	0	0
OTU_253;size=235;	1	0	2	0	0	1	1	2	1	4	0	2	0	0	3	1	0	1	271	55
OTU_356;size=268;	0	8	0	0	1	1	69	1	117	1	1	31	0	0	156	1	5	0	1	1
OTU_230;size=504;	245	3	158	37	1	1	0	0	96	7	91	12	0	1	2	11	1	1	22	29
OTU_316;size=161;	0	0	129	0	14	1	0	5	0	1	2	58	1	0	20	4	0	0	0	0
OTU_544;size=62;	0	0	0	96	0	0	0	0	1	0	0	0	0	0	1	0	0	0	1	2
OTU_1292;size=10;	0	0	0	0	1	0	0	0	0	0	6	1	5	0	0	0	0	0	0	1
OTU_388;size=124;	1	0	0	1	0	0	0	0	0	0	0	0	0	0	0	84	0	41	57	0
OTU_1375;size=29;	2	0	1	0	0	0	0	0	0	0	3	270	1	0	1	1	2	1	0	1
OTU_429;size=101;	0	0	0	0	0	151	0	0	0	1	1	0	0	0	1	1	0	0	0	1
OTU_247;size=299;	3	0	1	11	0	0	1	61	0	202	0	56	2	7	42	51	1	30	0	6
OTU_470;size=101;	1	0	0	0	0	0	1	1	0	156	1	0	0	1	3	1	0	0	0	0
OTU_1165;size=9;	1	0	0	0	0	0	0	0	16	1	0	0	0	0	0	0	0	0	0	0
OTU_455;size=97;	0	0	1	0	150	0	0	0	0	0	0	1	0	0	0	0	0	1	0	0
OTU_740;size=46;	70	0	0	2	1	0	2	0	0	0	0	0	0	0	1	0	0	0	0	0
OTU_273;size=237;	0	0	1	0	1	0	0	0	0	2	0	1	0	2	2	0	351	1	0	0
OTU_167;size=543;	697	0	0	0	2	2	0	1	1	0	0	1	0	0	0	0	0	0	0	0
OTU_1178;size=1508;	9	4	11	12	8	4	5	4	10	8	8	8	3	12	25	18	8	12	10	4
OTU_183;size=508;	1	27	5	4	1	0	24	128	122	96	50	23	41	1	6	107	3	1	54	34
OTU_874;size=27;	0	1	0	0	1	1	0	0	1	1	0	0	1	0	0	0	0	37	1	0
OTU_184;size=663;	144	21	84	1	2	2	40	66	2	295	38	26	1	92	8	0	76	44	20	46
OTU_625;size=51;	1	0	1	0	0	0	0	0	0	74	0	0	0	0	0	0	0	0	0	0
OTU_513;size=67;	1	0	0	0	0	0	0	1	0	102	0	0	0	0	1	0	0	0	0	0
OTU_361;size=158;	189	1	1	1	1	0	0	0	1	0	1	0	0	0	0	0	0	63	0	1
OTU_188;size=488;	3	0	5	3	566	1	2	2	97	1	0	2	0	1	0	2	2	0	2	0
OTU_415;size=111;	173	0	0	1	1	0	0	0	1	2	1	0	0	0	0	0	0	0	0	0
OTU_1281;size=16;	122	0	2	0	0	0	0	1	0	1	1	0	0	36	0	8	0	1	0	1
OTU_181;size=867;	2	0	1	5	1	2	1	1	244	2	651	1	0	3	136	59	3	3	2	3
OTU_783;size=801;	26	28	2	21	37	2	31	170	7	33	6	5	15	16	8	8	0	26	31	21
OTU_377;size=127;	0	0	2	0	1	0	0	1	0	0	1	0	82	0	0	31	6	0	0	84
OTU_323;size=358;	0	1	0	0	1	0	0	0	0	0	4	521	0	0	0	1	1	0	0	0
OTU_1509;size=2;	0	0	0	0	0	0	1	0	0	0	5	0	0	1	0	0	0	0	1	0
OTU_278;size=222;	0	1	297	1	0	1	0	0	0	0	1	2	0	2	2	1	0	0	1	0
OTU_1152;size=119;	0	3	0	1	0	0	0	1	1	1	0	0	52	0	0	1	0	60	3	7
OTU_626;size=57;	0	0	0	0	0	0	0	0	0	0	1	0	84	0	0	0	2	0	0	0
OTU_413;size=119;	0	1	0	1	1	0	0	0	18	12	1	0	0	0	2	70	57	2	8	0
OTU_1450;size=19;	0	0	1	1	1	203	0	0	0	0	0	0	0	0	0	0	0	0	0	0
OTU_128;size=989;	2	3	646	82	5	5	27	3	4	8	34	4	3	6	109	334	5	3	9	3
OTU_164;size=597;	332	3	13	3	21	2	88	5	81	3	2	38	37	161	13	2	4	0	2	58
OTU_524;size=171;	1	31	0	2	96	1	10	3	11	58	1	0	24	0	1	15	2	0	0	10
OTU_169;size=536;	221	44	5	11	1	1	1	291	98	6	3	2	1	1	8	5	5	3	0	3
OTU_166;size=512;	0	2	119	3	2	2	0	0	2	1	1	578	2	1	1	0	1	0	0	2
OTU_911;size=20;	0	0	0	0	0	0	0	0	0	0	0	0	0	0	0	0	0	0	25	0
OTU_980;size=16;	0	0	2	0	0	0	0	0	0	0	0	0	1	1	0	41	0	0	0	1
OTU_1439;size=53;	11	75	178	192	5	1	55	5	2	40	6	10	72	104	26	11	4	77	2	69
OTU_748;size=47;	0	0	0	14	26	0	7	0	0	1	0	0	0	0	26	1	0	0	0	0
OTU_823;size=28;	0	0	0	0	0	0	0	24	21	0	0	1	0	0	0	0	0	0	0	0
OTU_461;size=103;	0	1	1	1	0	0	0	0	0	1	165	1	0	0	0	0	1	0	0	0
OTU_223;size=612;	100	1	2	72	0	4	53	12	22	92	7	31	0	23	4	213	189	10	8	1
OTU_814;size=55;	0	0	1	0	2	0	0	0	0	0	89	0	0	0	2	0	0	0	0	0
OTU_464;size=187;	1	16	1	2	1	2	86	39	1	44	1	26	2	4	37	1	3	1	15	1
OTU_541;size=66;	0	1	0	0	0	0	0	0	0	1	0	94	0	0	0	0	0	1	0	0
OTU_345;size=140;	0	1	0	1	0	0	0	0	0	197	0	0	0	1	0	2	0	1	0	0
OTU_1307;size=9;	0	0	0	0	0	0	0	0	0	0	0	25	0	1	0	0	0	0	0	0
OTU_574;size=101;	1	1	3	0	0	0	0	38	1	2	0	1	1	0	0	1	107	3	0	0
OTU_1470;size=112;	3	307	82	11	280	1	37	27	109	54	55	56	2	125	12	164	17	36	320	150
OTU_156;size=948;	110	27	214	173	25	3	130	13	1	132	1	3	2	92	8	124	4	85	0	25
OTU_1503;size=34;	50	4	12	15	16	3	120	9	5	5	69	46	12	5	16	131	86	88	79	3
OTU_237;size=316;	142	0	53	39	3	2	1	19	0	6	1	3	2	10	37	2	108	15	1	4
OTU_1136;size=93;	1	6	3	3	9	0	4	76	13	2	5	2	8	38	3	1	1	16	22	5
OTU_744;size=34;	0	0	63	0	0	0	0	0	0	0	1	0	0	0	1	0	0	0	0	0
OTU_178;size=669;	2	0	1	3	2	1	2	2	1	1	3	1	1	0	2	3	944	0	4	4
OTU_217;size=362;	137	2	3	2	2	1	74	46	2	87	0	1	1	2	166	2	1	7	0	0
OTU_215;size=332;	3	1	0	0	2	2	1	0	149	144	67	0	0	34	62	1	0	4	4	1
OTU_706;size=67;	1	0	0	5	0	0	0	0	3	9	22	55	0	0	0	8	6	2	0	1
OTU_1052;size=22;	0	0	2	4	0	0	1	6	1	1	1	2	3	4	5	3	0	1	0	2
OTU_529;size=81;	121	0	1	1	0	0	0	0	1	1	0	1	0	0	0	2	0	0	0	0
OTU_484;size=184;	2	1	0	0	0	0	0	0	0	0	298	0	1	0	1	1	0	0	0	1
OTU_476;size=95;	0	0	0	0	0	0	1	0	0	1	1	0	0	0	140	1	1	0	0	1
OTU_1354;size=4;	0	0	0	0	0	0	0	0	0	0	0	0	0	0	0	0	0	4	0	0
OTU_460;size=174;	0	0	0	246	2	0	0	0	1	0	0	1	0	0	3	2	2	0	0	0
OTU_1361;size=30;	4	2	5	8	2	1	8	7	3	8	7	8	3	16	5	11	3	13	6	3
OTU_1164;size=9;	0	0	17	0	0	0	0	0	0	0	0	0	0	0	0	0	0	0	0	0
OTU_288;size=226;	1	0	0	23	0	3	2	0	0	0	1	1	1	2	0	69	225	11	0	0
OTU_580;size=190;	0	50	78	0	1	1	2	1	0	0	0	74	0	0	1	40	0	2	25	0
OTU_1151;size=28;	1	1	0	18	0	0	0	0	1	2	5	1	0	1	7	5	0	5	4	0
OTU_300;size=358;	132	1	19	3	113	3	1	6	2	80	1	87	76	3	5	0	2	0	3	10
OTU_224;size=595;	0	0	4	0	396	1	2	0	4	1	2	4	0	3	22	1	2	0	1	70
OTU_359;size=154;	1	0	1	2	1	1	1	0	1	1	230	0	0	0	0	1	0	0	1	2
OTU_535;size=95;	3	0	0	33	1	0	0	0	0	116	1	0	0	0	0	0	0	1	0	0
OTU_583;size=66;	0	0	1	79	0	0	1	0	2	1	0	0	1	0	0	0	0	0	0	19
OTU_946;size=22;	5	0	2	0	7	0	0	1	2	2	3	1	0	1	8	3	1	7	3	5
OTU_553;size=68;	0	0	16	0	1	0	0	1	75	0	0	1	0	15	1	0	0	0	0	0
OTU_680;size=66;	1	0	0	0	1	0	0	0	0	1	0	0	0	0	1	0	0	0	100	0
OTU_411;size=109;	1	0	0	0	0	0	0	0	0	0	1	0	0	0	2	1	0	1	0	164
OTU_439;size=128;	59	0	0	8	3	0	11	0	0	0	0	1	21	0	60	0	46	2	7	0
OTU_571;size=57;	0	0	2	0	0	1	0	53	23	1	1	0	0	0	1	0	0	0	0	0
OTU_925;size=19;	0	0	1	0	1	0	0	0	0	1	0	34	0	1	1	0	0	0	0	0
OTU_137;size=799;	1	121	115	4	1	2	30	91	62	2	255	7	3	42	25	4	209	15	52	24
OTU_236;size=296;	0	0	0	0	0	0	1	0	3	1	2	0	0	0	1	1	428	1	0	0
OTU_656;size=46;	0	1	0	1	66	0	0	0	0	1	0	0	0	0	0	0	1	0	0	1
OTU_351;size=150;	0	0	2	1	0	0	0	0	0	1	1	1	0	0	231	0	0	0	1	0
OTU_117;size=1057;	0	0	1	4	3	3	1	0	1	2	1	1	1	3	1	2	1301	0	1	2
OTU_481;size=89;	0	0	0	0	132	0	0	0	1	0	0	0	0	1	1	0	1	2	1	0
OTU_738;size=125;	0	1	0	0	0	0	0	0	1	41	1	0	0	0	0	36	1	0	37	34
OTU_199;size=464;	12	0	3	3	5	2	514	7	1	11	6	7	2	1	10	4	12	2	2	0
OTU_364;size=138;	1	2	2	1	1	0	0	0	1	211	2	0	0	1	2	1	0	0	0	0
OTU_126;size=898;	3	6	3	3	0	2	1	58	3	2	463	2	309	1	6	322	2	2	4	4
OTU_448;size=100;	0	0	0	13	0	0	0	0	0	34	0	1	0	113	1	3	0	5	0	0
OTU_266;size=248;	1	0	3	329	3	1	2	1	0	3	1	0	6	2	3	3	1	0	0	1
OTU_903;size=34;	0	1	0	0	0	1	54	0	0	0	1	0	0	0	0	0	0	0	0	0
OTU_923;size=25;	0	0	0	0	0	0	0	0	0	0	0	0	1	0	44	1	0	0	1	0
OTU_456;size=121;	0	0	0	177	0	0	0	0	0	1	0	0	0	0	1	0	1	0	0	0
OTU_879;size=41;	0	0	0	0	0	0	0	0	0	0	0	0	0	0	0	0	0	0	72	0
OTU_1309;size=13;	0	0	0	1	0	0	0	1	2	1	0	132	1	0	0	0	1	0	1	0
OTU_261;size=256;	168	0	0	66	0	0	0	2	2	139	1	0	1	0	2	0	1	4	1	2
OTU_257;size=241;	0	0	0	0	2	0	0	1	0	0	1	332	1	0	1	0	0	1	1	0
OTU_730;size=38;	1	0	14	1	6	0	0	0	2	0	0	0	0	0	10	32	0	1	0	0
OTU_998;size=20;	0	0	1	1	0	0	0	0	39	0	0	0	0	0	0	0	2	0	0	0
OTU_432;size=99;	0	1	0	1	0	0	0	0	151	0	0	3	1	1	0	0	0	0	1	0
OTU_265;size=505;	3	2	5	5	400	2	23	1	4	2	143	1	4	2	4	77	5	33	17	0
OTU_1372;size=41;	1	0	1	1	0	0	0	1	0	0	1	425	0	0	0	0	0	0	1	0
OTU_1429;size=72;	0	0	1	0	1	1	0	16	30	5	0	0	0	0	0	5	2	37	1	2
OTU_371;size=202;	72	40	33	38	1	2	31	2	0	50	1	6	0	0	0	19	2	17	1	1
OTU_318;size=235;	2	2	83	2	3	0	0	13	0	1	52	0	152	24	1	4	0	1	1	1
OTU_815;size=56;	0	2	1	1	8	1	14	0	0	0	41	2	0	0	1	1	0	0	1	27
OTU_802;size=29;	0	0	0	0	0	0	0	0	0	47	0	0	0	0	0	0	0	0	0	0
OTU_186;size=417;	0	0	62	323	32	1	0	0	2	1	1	2	0	1	0	140	2	1	0	0
OTU_409;size=120;	163	0	0	2	0	1	0	0	1	2	1	10	0	2	0	0	1	0	0	0
OTU_251;size=249;	1	2	0	3	0	1	0	1	0	2	1	0	0	15	1	1	0	331	1	0
OTU_642;size=48;	0	0	0	0	1	0	0	0	0	77	1	0	0	0	0	0	0	0	0	0
OTU_1271;size=13;	2	1	0	1	7	0	11	20	0	4	1	0	4	6	1	0	1	10	0	0
OTU_389;size=136;	0	1	181	1	0	1	0	0	1	1	0	39	1	1	0	2	0	1	1	0
OTU_770;size=34;	1	0	0	0	0	0	0	0	0	0	0	0	0	51	1	0	0	1	0	0
OTU_309;size=169;	1	0	2	3	1	0	0	0	0	2	239	2	0	0	2	0	0	0	1	2
OTU_826;size=47;	0	1	0	1	0	0	0	0	0	0	0	0	0	40	0	0	0	0	0	0
OTU_1475;size=6;	1	1	0	1	2	0	0	0	0	1	0	0	0	0	111	0	1	0	1	0
OTU_893;size=21;	0	32	0	0	1	0	0	0	0	0	0	0	0	0	0	0	0	0	0	1
OTU_1417;size=13;	0	5	0	0	3	0	19	8	1	1	2	0	5	4	0	0	1	0	16	3
OTU_1034;size=16;	0	0	0	0	0	0	0	0	0	1	0	1	0	17	0	7	0	0	0	0
OTU_1283;size=5;	0	0	0	0	0	0	0	0	0	0	0	0	0	0	0	0	0	12	0	0
OTU_192;size=401;	3	105	123	2	2	0	35	9	4	2	2	37	0	2	6	132	1	91	0	5
OTU_561;size=66;	0	0	0	0	1	0	1	0	0	0	0	1	0	0	1	0	0	0	0	104
OTU_507;size=82;	0	0	0	1	2	0	0	88	0	0	1	0	34	1	1	1	0	0	0	1
OTU_621;size=78;	2	0	219	0	6	0	2	1	2	0	3	1	0	1	144	0	6	1	81	0
OTU_727;size=36;	0	0	1	0	1	0	0	56	0	0	0	0	0	0	0	0	0	0	0	0
OTU_537;size=73;	0	0	1	0	0	0	0	0	0	0	0	1	0	0	0	121	1	0	0	0
OTU_1301;size=7;	0	10	0	0	0	0	0	0	0	0	1	0	0	0	0	0	0	0	0	0
OTU_375;size=238;	1	0	2	0	0	1	1	0	40	2	1	203	0	68	1	37	0	1	1	1
OTU_518;size=85;	0	0	3	0	0	0	0	0	1	0	102	0	0	0	0	10	0	0	0	0
OTU_337;size=282;	0	2	178	1	0	0	1	2	0	1	0	3	0	0	2	1	1	2	224	1
OTU_1599;size=18;	2	4	1	50	0	1	7	2	2	144	75	21	0	6	60	61	23	1	17	8
OTU_1519;size=6;	0	0	0	0	0	0	0	36	0	0	0	0	0	0	0	0	0	0	0	0
OTU_1183;size=8;	0	0	0	15	0	0	0	0	0	0	0	0	0	0	0	0	0	0	0	0
OTU_1494;size=8;	3	0	0	1	2	0	0	2	0	0	1	0	0	0	1	1	0	1	2	0
OTU_319;size=170;	0	0	0	2	1	244	0	0	1	0	0	2	1	0	0	1	1	0	1	0
OTU_608;size=61;	20	0	1	0	4	1	0	0	0	67	0	0	0	0	0	7	0	0	0	0
OTU_436;size=233;	27	0	2	2	132	1	3	2	46	3	2	11	5	4	5	34	17	19	31	2
OTU_1153;size=9;	0	14	0	0	0	0	0	0	0	0	0	0	0	0	0	0	0	0	0	0
OTU_569;size=74;	0	0	0	0	0	0	0	1	0	1	1	0	0	0	0	111	1	0	0	1
OTU_1057;size=22;	0	0	12	0	0	0	0	0	0	0	0	23	0	0	0	0	0	0	0	0
OTU_1318;size=4;	0	10	0	0	0	0	0	0	0	0	0	0	0	0	0	0	0	0	0	0
OTU_204;size=394;	12	22	3	91	34	1	37	8	138	8	32	1	11	26	28	54	21	9	13	18
OTU_1005;size=186;	0	0	0	2	0	0	0	415	0	0	0	0	1	0	0	0	0	0	2	0
OTU_1492;size=32;	17	22	3	2	9	0	21	57	17	0	12	0	11	20	2	4	2	32	8	11
OTU_633;size=73;	1	0	0	0	0	0	60	1	50	0	0	1	1	1	0	0	0	0	0	1
OTU_676;size=47;	0	0	0	0	0	1	0	12	0	0	1	1	0	0	17	0	39	0	0	0
OTU_528;size=120;	0	0	0	0	1	2	6	1	1	37	11	0	1	0	111	0	0	20	1	0
OTU_200;size=373;	0	0	1	0	2	1	2	1	1	1	2	506	0	1	2	2	0	1	1	0
OTU_1255;size=6;	0	0	0	0	1	0	0	0	0	0	0	0	0	0	6	0	0	0	0	0
OTU_609;size=108;	2	0	0	0	1	0	1	0	0	1	102	1	1	0	1	15	47	0	13	0
OTU_669;size=63;	0	0	0	0	106	0	0	0	2	0	0	0	0	1	0	0	1	2	0	0
OTU_494;size=77;	1	0	2	0	0	1	0	0	2	1	1	0	0	0	0	1	0	113	0	0
OTU_174;size=515;	2	1	0	0	1	2	2	60	1	657	1	2	2	28	9	1	2	0	0	16
OTU_258;size=254;	4	4	94	88	0	1	0	1	81	1	2	0	0	1	1	105	0	3	1	4
OTU_1491;size=6;	0	4	0	0	1	0	12	0	0	0	0	0	0	21	0	0	1	0	0	0
OTU_360;size=143;	0	0	1	0	1	1	0	0	2	0	4	0	0	151	0	6	1	2	20	21
OTU_299;size=233;	1	0	1	1	0	0	0	1	0	254	1	48	0	0	66	1	0	0	1	0
OTU_177;size=493;	1	4	692	1	3	0	1	3	0	3	0	1	1	0	2	0	3	1	1	0
OTU_442;size=106;	0	0	0	152	1	0	0	0	1	0	0	0	0	1	2	0	0	0	0	0
OTU_317;size=172;	2	0	2	0	0	0	1	2	1	2	0	224	0	1	28	0	0	0	2	0
OTU_260;size=262;	0	0	304	22	1	0	3	2	3	30	3	1	0	0	4	2	0	2	13	1
OTU_376;size=131;	95	2	0	0	87	1	0	1	2	2	0	2	1	1	0	1	0	24	1	0
OTU_549;size=68;	0	0	1	0	0	0	0	1	101	1	0	0	0	0	0	0	0	1	0	0
OTU_244;size=273;	0	0	0	366	1	1	0	0	1	1	10	4	1	0	4	1	1	1	0	0
OTU_438;size=132;	0	1	107	1	0	0	0	0	0	0	0	1	2	1	0	29	0	37	0	0
OTU_503;size=138;	0	0	1	1	0	0	0	0	0	0	1	0	0	1	0	209	0	0	1	0
OTU_862;size=26;	1	0	0	0	0	0	0	0	0	0	0	0	0	0	0	39	0	0	0	0
OTU_870;size=23;	0	0	0	0	0	0	0	0	0	0	48	0	0	0	0	0	0	0	0	0
OTU_305;size=305;	0	23	58	2	62	0	0	128	5	89	65	2	0	2	0	11	2	3	0	2
OTU_426;size=95;	2	0	0	133	0	0	0	0	1	1	0	0	1	0	0	1	1	0	1	0
OTU_1535;size=2;	16	2	14	11	9	1	3	5	16	14	24	12	2	17	21	24	15	16	7	1
OTU_1518;size=2;	0	0	0	0	0	0	0	0	0	0	0	0	0	22	0	0	0	1	1	1
OTU_234;size=265;	1	0	0	1	359	0	1	0	0	0	1	3	0	1	2	3	0	2	0	0
OTU_327;size=165;	1	0	2	0	0	0	1	0	0	2	1	1	0	0	0	0	0	220	1	0
OTU_1032;size=14;	0	0	0	1	0	0	0	0	0	0	0	0	0	0	0	0	0	0	25	0
OTU_222;size=293;	0	0	2	1	2	0	239	0	0	13	2	170	2	0	1	1	1	0	2	1
OTU_1125;size=10;	0	0	0	0	0	0	0	13	0	0	0	0	1	0	0	0	0	0	0	0
OTU_1451;size=69;	2	6	2	5	97	2	3	1	1	457	2	0	0	0	2	140	2	1	0	1
OTU_400;size=145;	0	4	0	155	1	1	0	0	0	0	60	2	0	1	0	0	0	0	2	0
OTU_603;size=56;	81	1	0	0	0	1	0	0	1	0	0	0	0	0	1	0	0	12	0	0
OTU_1294;size=5;	12	0	0	0	0	0	0	0	0	0	1	0	0	0	0	0	0	0	0	1
OTU_690;size=46;	0	0	0	0	1	0	0	0	0	0	0	0	0	0	0	79	0	1	0	0
OTU_712;size=57;	14	0	0	0	1	0	17	0	0	0	0	0	1	7	51	0	0	1	0	0
OTU_1008;size=15;	30	0	0	0	0	0	0	0	0	0	0	0	0	0	1	0	1	0	0	0
OTU_428;size=123;	0	0	0	1	0	1	0	187	0	0	0	1	0	2	1	3	1	0	1	0
OTU_416;size=196;	1	1	1	1	1	0	0	62	0	4	97	0	0	3	125	7	0	1	2	0
OTU_1146;size=9;	0	0	0	0	0	0	0	0	0	0	0	0	0	0	0	0	0	0	0	13
OTU_492;size=179;	0	1	1	2	0	0	0	1	0	1	268	0	0	4	0	0	0	2	1	0
OTU_1531;size=10;	1	32	0	0	4	0	9	3	0	1	1	4	24	5	0	3	1	0	13	11
OTU_372;size=153;	0	0	1	3	216	0	0	0	0	0	0	1	2	1	0	2	1	1	1	0
OTU_940;size=47;	0	0	1	77	0	0	0	1	0	0	0	1	1	0	0	0	0	0	0	0
OTU_312;size=163;	1	0	0	0	1	0	0	0	31	44	155	1	0	1	1	1	3	1	0	0
OTU_228;size=397;	3	101	2	85	1	0	158	1	2	5	3	2	1	78	134	35	1	4	1	1
OTU_392;size=116;	0	0	1	0	1	0	0	0	0	1	1	192	0	0	0	0	0	1	1	0
OTU_599;size=57;	0	0	0	1	1	0	0	0	0	0	84	0	0	0	0	0	0	0	0	1
OTU_397;size=131;	1	0	1	1	0	0	0	0	1	0	2	172	1	1	6	1	1	0	0	0
OTU_159;size=559;	1	55	7	152	3	1	0	344	2	4	58	5	1	2	5	2	3	109	1	0
OTU_264;size=228;	1	1	306	1	1	0	1	1	1	0	0	1	0	1	1	0	1	0	1	0
OTU_1180;size=121;	13	46	3	5	17	0	2	63	2	9	3	0	16	12	6	3	2	12	19	2
OTU_679;size=51;	0	0	0	0	0	0	0	1	0	77	0	0	0	1	0	0	0	0	0	0
OTU_722;size=39;	0	0	0	0	56	0	0	0	0	1	0	0	0	0	0	0	0	0	0	0
OTU_485;size=84;	0	0	1	0	0	0	0	0	0	0	0	0	0	0	0	123	0	0	0	1
OTU_267;size=252;	2	0	1	2	1	0	2	0	0	0	2	0	0	0	0	365	1	0	0	0
OTU_325;size=172;	0	25	110	1	0	2	0	0	0	120	0	1	0	1	0	1	1	0	0	0
OTU_691;size=49;	0	0	56	0	0	0	1	0	0	0	0	15	0	0	0	0	0	1	0	0
OTU_151;size=761;	37	17	78	76	61	4	35	124	116	26	28	54	60	67	92	50	44	63	31	18
OTU_733;size=35;	0	0	59	0	0	0	0	0	0	0	0	0	1	0	0	0	0	0	0	0
OTU_1501;size=10;	6	7	4	8	14	0	8	7	6	3	7	4	4	7	20	3	8	9	3	1
OTU_1377;size=22;	1	2	1	29	1	0	1	6	2	22	24	8	0	0	1	0	1	0	0	0
OTU_399;size=151;	16	1	1	16	0	1	35	2	2	21	24	18	0	0	43	1	4	21	4	19
OTU_1566;size=2;	0	2	0	22	3	0	0	0	0	0	0	0	1	2	1	9	0	0	0	20
OTU_218;size=325;	0	2	67	1	3	0	3	13	0	1	3	3	1	2	1	1	346	2	1	20
OTU_472;size=167;	1	0	195	1	0	1	0	1	1	1	2	2	0	0	1	0	1	1	0	0
OTU_1291;size=46;	0	0	1	0	0	0	0	0	0	1	2	0	0	0	1	331	0	1	0	0
OTU_665;size=55;	1	22	0	0	1	0	0	0	0	0	0	0	0	0	76	0	1	0	0	0
OTU_873;size=29;	1	1	0	0	0	0	0	0	0	0	1	7	0	0	1	0	0	0	40	0
OTU_917;size=23;	0	0	0	0	0	0	0	32	0	0	1	0	0	0	0	0	0	0	0	0
OTU_661;size=43;	1	0	0	0	0	0	0	0	74	0	0	0	0	0	0	0	0	0	0	0
OTU_348;size=168;	0	1	1	5	1	1	0	0	0	1	2	0	0	0	1	1	225	0	1	0
OTU_418;size=122;	4	0	0	3	0	1	0	165	0	2	1	3	1	0	3	0	1	0	0	0
OTU_279;size=281;	1	27	4	2	2	3	0	139	0	1	1	0	0	0	66	2	103	23	5	50
OTU_777;size=46;	1	0	0	0	0	0	0	0	65	0	0	25	0	0	0	1	0	0	0	1
OTU_845;size=32;	0	0	0	0	0	0	0	0	0	0	0	0	0	1	0	0	0	44	0	1
OTU_514;size=105;	0	0	0	0	1	1	0	0	0	147	0	0	1	0	1	1	1	0	0	1
OTU_452;size=153;	0	62	2	62	1	1	9	2	87	0	1	2	20	1	1	0	1	1	0	1
OTU_1423;size=64;	1	2	2	7	104	1	69	175	3	5	4	2	17	1	7	0	3	84	28	138
OTU_421;size=108;	0	0	0	0	0	1	1	0	0	0	0	2	22	0	2	110	0	27	0	0
OTU_407;size=111;	172	0	1	2	0	0	1	1	0	1	2	1	0	1	0	0	0	0	0	1
OTU_1545;size=2;	0	0	0	2	15	0	1	0	8	0	0	99	1	53	1	3	0	0	0	1
OTU_774;size=31;	0	0	0	1	0	0	0	1	0	0	0	0	0	0	0	0	0	0	0	43
OTU_458;size=108;	0	0	6	11	15	0	2	5	2	1	0	27	1	2	11	57	10	5	4	4
OTU_562;size=62;	0	0	0	2	0	0	38	0	0	41	0	4	0	0	1	1	0	0	0	0
OTU_338;size=147;	0	0	0	124	0	0	0	0	2	0	0	0	1	0	0	88	0	0	0	0
OTU_408;size=111;	0	0	177	0	1	0	0	0	0	0	0	1	0	1	1	2	1	0	0	0
OTU_1468;size=2;	0	0	0	2	0	0	1	0	1	0	0	0	0	0	0	126	0	0	0	0
OTU_786;size=32;	1	0	1	1	0	2	0	27	0	0	4	14	0	0	1	0	1	0	0	1
OTU_994;size=15;	0	0	0	0	0	0	22	0	0	0	0	0	0	0	0	0	1	0	0	0
OTU_509;size=74;	2	0	0	0	0	0	0	0	0	0	0	1	0	0	1	109	0	2	0	0
OTU_987;size=33;	1	126	1	1	0	0	0	0	0	1	0	1	0	0	0	0	16	0	0	1
OTU_250;size=239;	0	1	1	3	0	2	1	0	1	1	1	335	0	1	2	2	2	1	0	0
OTU_921;size=22;	0	0	0	0	0	0	0	1	0	0	0	0	0	1	37	0	0	0	0	0
OTU_1260;size=6;	0	1	0	0	0	1	0	5	0	0	0	1	0	1	0	0	0	0	0	0
OTU_350;size=135;	0	0	2	1	1	0	1	1	0	116	3	84	1	1	9	1	3	1	1	1
OTU_451;size=95;	0	0	0	1	0	0	0	0	0	136	1	0	1	0	0	0	0	0	0	0
OTU_598;size=60;	0	0	0	0	77	0	0	0	0	0	2	0	0	1	0	0	1	1	0	1
OTU_335;size=179;	4	0	1	1	1	0	0	0	0	239	1	1	0	1	1	2	1	1	0	0
OTU_233;size=296;	2	5	3	57	0	1	0	1	2	104	244	1	1	1	16	1	1	1	1	2
OTU_1081;size=17;	5	0	2	0	0	0	3	1	0	3	3	0	0	2	3	0	10	0	0	1
OTU_497;size=72;	0	0	0	100	1	1	0	0	0	0	1	1	0	0	0	0	0	0	0	0
OTU_723;size=38;	0	0	0	0	0	1	0	16	0	31	0	1	0	0	8	0	0	0	0	0
OTU_1106;size=10;	0	0	16	0	0	0	0	0	0	0	0	0	0	0	0	0	0	0	0	0
OTU_895;size=25;	0	0	0	0	0	0	0	0	0	0	0	1	0	0	0	0	0	0	0	37
OTU_932;size=33;	0	0	1	0	1	0	1	0	58	0	0	1	0	0	0	0	0	0	0	0
OTU_362;size=141;	0	1	0	0	0	0	0	0	1	0	1	0	1	0	204	1	1	0	0	0
OTU_638;size=48;	0	0	0	0	0	0	0	0	0	0	76	0	0	0	0	0	0	0	0	0
OTU_852;size=24;	0	0	0	0	1	1	0	1	0	0	0	0	0	0	0	55	0	0	0	0
OTU_471;size=222;	2	0	1	0	0	0	1	111	1	0	1	0	0	13	2	51	1	0	0	146
OTU_779;size=40;	0	0	58	0	0	0	0	0	0	0	0	1	0	0	0	0	0	0	0	0
OTU_829;size=32;	0	0	0	0	0	0	0	0	0	51	1	16	0	0	0	0	0	0	0	0
OTU_798;size=99;	1	6	42	2	37	0	0	0	3	10	9	10	4	0	9	1	8	13	7	6
OTU_813;size=44;	0	0	0	2	0	0	0	0	0	85	0	0	0	1	0	0	0	0	0	0
OTU_387;size=119;	1	163	3	0	0	1	1	0	0	0	0	2	0	0	0	0	0	1	1	0
OTU_700;size=85;	2	3	4	0	2	0	3	6	1	33	21	1	2	1	70	3	1	7	2	21
OTU_951;size=18;	25	0	1	0	1	0	0	0	0	0	0	0	0	0	0	0	0	1	0	0
OTU_1025;size=14;	0	0	0	0	0	1	0	0	0	0	30	0	0	0	0	0	0	0	0	0
OTU_462;size=127;	184	0	0	6	1	0	0	1	0	2	0	2	1	14	0	0	5	0	5	0
OTU_582;size=86;	2	0	0	0	0	0	1	0	40	1	0	0	45	1	2	0	0	0	52	0
OTU_480;size=80;	0	0	1	0	0	0	0	0	1	1	2	0	0	0	1	1	0	0	112	1
OTU_313;size=162;	1	5	0	16	1	2	1	0	4	0	4	0	7	14	0	130	30	2	1	0
OTU_1295;size=5;	0	0	0	0	0	0	0	0	0	1	0	0	15	0	0	0	0	0	0	0
OTU_382;size=120;	1	0	1	1	0	0	0	0	0	0	0	2	0	1	187	0	1	1	0	1
OTU_979;size=19;	0	0	0	1	0	1	0	0	0	1	0	0	0	0	0	0	0	0	27	0
OTU_991;size=15;	0	0	0	0	0	0	0	0	0	0	0	0	0	0	0	0	0	0	25	0
OTU_772;size=35;	0	0	0	0	0	0	0	1	0	0	0	0	0	0	63	0	1	0	0	0
OTU_502;size=69;	1	0	0	1	0	0	0	26	1	0	0	1	0	3	4	61	1	2	0	2
OTU_964;size=19;	0	0	0	0	0	0	0	0	0	0	0	0	0	0	33	0	0	0	0	0
OTU_919;size=31;	53	0	0	0	0	0	0	0	0	0	0	0	0	0	0	1	2	0	0	0
OTU_575;size=77;	1	0	0	2	0	0	0	1	0	0	0	3	120	0	0	2	1	0	0	0
OTU_441;size=97;	0	0	1	1	0	0	1	46	0	0	0	1	0	1	1	0	87	0	0	0
OTU_346;size=175;	2	1	0	0	1	0	0	1	239	17	0	1	1	1	1	1	1	0	1	1
OTU_830;size=31;	0	4	0	0	0	0	11	1	2	1	0	0	0	0	0	0	0	0	28	9
OTU_1392;size=9;	3	0	0	2	0	0	8	43	1	0	0	0	1	2	1	0	0	3	9	2
OTU_819;size=31;	0	0	0	0	0	0	51	0	0	0	0	1	0	0	1	0	0	0	0	0
OTU_1409;size=21;	1	8	0	2	0	0	5	14	0	1	0	0	10	1	0	1	1	5	3	5
OTU_1538;size=4;	0	3	0	1	0	0	0	28	3	0	0	0	10	0	0	0	0	0	1	2
OTU_824;size=31;	0	0	3	1	0	0	0	0	0	0	0	0	0	0	1	1	0	0	42	1
OTU_395;size=114;	0	0	103	0	3	1	2	0	0	0	0	12	0	0	0	0	2	1	0	64
OTU_349;size=285;	2	0	1	2	2	1	0	2	1	2	10	2	0	5	0	0	1	406	0	0
OTU_434;size=101;	0	1	1	0	0	0	0	1	0	0	0	0	60	11	4	75	0	0	0	0
OTU_647;size=47;	1	0	0	1	0	0	0	0	70	0	0	1	0	0	1	0	0	0	0	0
OTU_340;size=349;	0	0	2	3	0	2	1	1	1	4	328	3	0	1	3	2	179	4	1	2
OTU_478;size=93;	0	114	0	1	1	0	0	0	0	0	2	0	2	1	0	0	4	0	3	0
OTU_1390;size=7;	0	0	0	4	0	0	0	0	0	6	1	0	2	0	9	0	0	0	0	0
OTU_287;size=237;	0	0	0	0	0	323	0	0	0	0	0	0	0	0	0	1	0	0	0	0
OTU_977;size=22;	0	0	0	37	0	0	0	0	0	0	0	0	0	0	0	0	0	0	0	0
OTU_593;size=57;	0	0	95	2	1	0	0	0	0	2	1	1	0	0	0	0	0	0	0	1
OTU_1233;size=6;	0	0	0	0	0	0	0	0	0	0	14	0	0	0	0	0	0	0	0	0
OTU_486;size=79;	0	0	0	1	0	0	0	119	0	1	2	1	0	1	0	0	0	0	0	0
OTU_414;size=106;	164	0	0	0	1	0	1	1	0	1	0	5	0	0	2	0	0	2	0	1
OTU_406;size=112;	2	50	1	0	0	0	0	1	30	0	2	0	0	0	0	62	0	26	2	0
OTU_324;size=316;	0	16	1	55	20	0	9	8	106	98	47	20	0	25	18	3	0	3	0	3
OTU_713;size=44;	0	0	0	0	0	0	0	0	1	0	0	68	0	0	0	0	0	0	0	0
OTU_654;size=50;	0	0	0	0	0	0	0	0	0	1	0	0	0	0	0	91	0	0	0	0
OTU_617;size=119;	0	1	2	44	14	1	4	15	0	0	4	49	7	6	0	3	1	1	0	26
OTU_948;size=18;	0	0	0	0	0	0	0	0	1	24	0	0	0	0	0	0	0	0	1	0
OTU_1482;size=4;	0	0	0	0	0	0	0	1	0	1	1	17	0	0	86	0	1	0	0	0
OTU_1158;size=9;	0	0	0	1	0	0	0	0	0	0	0	16	0	0	0	0	0	0	0	0
OTU_610;size=57;	0	0	1	0	0	1	0	0	3	98	0	1	0	0	0	0	1	0	0	1
OTU_699;size=43;	1	0	56	1	0	1	0	0	0	0	0	0	0	0	0	0	0	0	0	1
OTU_391;size=120;	0	0	0	1	182	1	0	0	0	1	0	0	0	0	0	3	0	0	0	1
OTU_775;size=37;	0	9	0	0	0	1	55	0	0	0	0	2	1	0	1	0	0	0	1	0
OTU_543;size=68;	0	0	0	0	0	0	0	0	1	0	0	1	0	0	2	0	0	112	0	0
OTU_1240;size=16;	3	10	22	2	4	0	3	1	0	1	9	15	0	0	0	28	0	11	2	1
OTU_708;size=82;	0	0	2	0	0	1	0	1	58	0	1	1	1	2	1	2	0	75	0	0
OTU_291;size=191;	0	0	86	183	0	0	1	2	0	0	1	1	0	0	1	2	1	1	0	0
OTU_548;size=70;	0	0	2	1	0	0	0	0	0	0	0	1	0	0	0	0	113	0	0	1
OTU_262;size=242;	1	0	1	2	0	0	1	1	1	172	2	164	0	0	1	1	1	1	1	0
OTU_634;size=72;	0	0	0	1	0	0	0	0	0	0	0	0	0	0	125	0	0	0	0	0
OTU_308;size=181;	0	0	112	0	0	2	0	0	1	2	0	39	1	105	2	0	1	2	6	1
OTU_306;size=182;	0	1	2	0	0	0	0	1	0	3	0	1	1	3	2	0	0	257	2	1
OTU_891;size=25;	0	0	0	0	0	1	0	0	0	1	36	2	0	0	0	1	2	0	0	0
OTU_611;size=55;	0	0	0	0	0	0	2	0	0	0	82	0	0	1	1	0	0	0	0	0
OTU_512;size=74;	0	1	2	0	0	1	0	0	1	3	28	0	0	0	0	0	0	71	0	1
OTU_444;size=102;	0	0	0	2	0	0	1	0	0	1	0	1	1	1	0	0	0	152	0	0
OTU_732;size=60;	0	0	0	0	1	0	0	0	0	0	0	0	0	97	1	1	0	1	0	0
OTU_437;size=93;	0	0	1	1	0	0	1	0	2	0	0	128	0	0	0	0	0	0	0	0
OTU_1107;size=12;	0	0	0	0	0	1	0	0	0	0	0	0	0	0	0	0	0	24	0	0
OTU_913;size=22;	0	0	1	0	1	0	0	0	0	0	0	0	0	0	0	0	0	0	30	0
OTU_504;size=68;	1	0	0	1	0	0	0	0	0	1	0	1	0	0	0	4	107	0	0	0
OTU_427;size=100;	1	0	2	3	1	0	0	1	0	145	0	0	0	0	0	0	0	0	0	0
OTU_686;size=72;	1	31	24	1	0	0	1	0	0	0	1	48	1	1	0	1	0	1	0	0
OTU_547;size=110;	0	1	0	103	0	1	2	0	0	0	1	0	0	0	1	0	0	62	0	0
OTU_587;size=74;	0	0	107	0	0	1	0	0	1	1	0	1	0	0	1	0	0	0	0	0
OTU_1095;size=13;	0	0	0	0	0	0	0	0	1	0	0	0	0	21	1	0	0	0	0	0
OTU_619;size=57;	0	0	0	0	0	0	0	0	0	0	0	0	0	0	92	0	0	0	0	0
OTU_992;size=25;	0	0	0	0	0	0	0	0	0	0	0	0	0	0	0	19	0	0	0	25
OTU_380;size=169;	0	101	1	94	0	0	1	0	0	0	59	0	0	2	0	0	1	2	0	0
OTU_630;size=77;	0	0	2	0	0	0	0	0	1	2	0	93	1	0	22	1	1	0	0	0
OTU_353;size=165;	0	0	1	0	0	1	0	0	0	0	0	1	0	0	1	1	1	240	0	6
OTU_677;size=56;	0	0	0	1	0	0	0	0	0	0	0	1	0	0	0	0	0	1	0	89
OTU_284;size=232;	0	0	1	1	0	0	1	1	1	1	1	0	0	1	0	319	1	0	2	0
OTU_586;size=130;	26	3	15	23	3	0	5	0	1	0	1	12	1	2	9	84	19	2	0	1
OTU_1001;size=15;	0	0	0	29	0	0	0	0	0	0	0	0	0	0	0	0	0	0	0	0
OTU_759;size=69;	0	0	0	0	0	0	48	0	0	0	0	0	0	0	59	0	0	0	0	0
OTU_832;size=31;	0	0	0	0	0	0	0	0	0	10	0	0	2	0	0	30	0	1	0	0
OTU_604;size=66;	1	0	1	0	0	0	0	0	1	0	0	0	0	0	0	0	0	1	0	95
OTU_689;size=51;	0	0	0	0	0	0	0	0	0	0	0	80	0	0	0	0	0	0	0	0
OTU_293;size=199;	0	0	0	2	3	1	0	0	1	2	23	1	0	18	1	144	30	0	40	0
OTU_860;size=24;	0	0	2	0	0	0	0	38	1	0	0	0	0	0	1	0	0	0	0	0
OTU_542;size=72;	0	0	0	3	1	0	113	0	1	0	1	0	0	0	1	2	1	0	0	1
OTU_1407;size=26;	90	0	0	1	0	0	0	1	1	1	0	0	7	0	15	0	0	0	0	0
OTU_834;size=31;	0	0	0	1	0	0	0	0	0	1	0	0	0	0	0	0	0	1	6	50
OTU_1505;size=8;	1	3	5	3	0	0	1	1	1	0	14	67	1	0	8	1	2	6	4	3
OTU_522;size=68;	0	1	1	1	0	0	0	90	0	0	2	0	2	1	0	0	1	0	1	1
OTU_627;size=50;	0	0	80	0	0	1	0	0	0	0	2	0	0	0	2	0	0	0	0	0
OTU_602;size=52;	0	0	0	0	1	0	0	0	0	0	0	0	0	0	0	0	0	0	0	79
OTU_1528;size=6;	8	0	0	0	0	0	0	0	0	0	0	0	0	1	0	0	0	1	1	0
OTU_1483;size=2;	1	0	1	0	0	0	0	0	0	0	1	0	0	0	0	0	2	80	0	1
OTU_632;size=57;	0	0	81	0	0	0	0	0	0	0	0	1	0	0	0	0	0	0	0	0
OTU_966;size=19;	0	17	0	0	8	0	0	0	0	0	0	0	0	0	0	1	0	0	0	0
OTU_645;size=49;	0	0	0	0	1	0	0	0	0	0	92	0	1	0	0	0	1	0	0	0
OTU_292;size=210;	1	0	285	5	0	0	1	1	0	1	2	2	0	1	0	4	0	0	0	3
OTU_1258;size=6;	0	0	0	0	0	0	0	0	0	0	0	0	0	0	0	0	1	0	0	11
OTU_607;size=73;	2	0	0	97	0	0	0	0	0	0	13	0	0	1	0	0	0	0	12	0
OTU_1385;size=3;	0	0	0	0	0	0	0	0	0	0	0	0	0	5	0	0	1	0	0	0
OTU_719;size=71;	114	0	0	0	0	0	0	0	0	0	0	2	0	0	1	0	1	0	0	1
OTU_394;size=110;	0	0	0	0	0	1	0	0	0	0	2	0	0	0	0	1	0	0	151	0
OTU_1077;size=12;	0	0	0	0	0	0	0	16	0	0	0	0	0	0	0	0	0	0	0	0
OTU_673;size=47;	0	0	0	0	1	0	0	0	70	0	0	0	0	1	0	0	1	0	0	0
OTU_597;size=53;	0	0	0	0	0	1	0	0	0	0	84	0	0	0	0	0	0	2	0	0
OTU_490;size=79;	0	2	1	1	2	0	74	3	0	3	0	2	0	0	4	0	1	0	32	0
OTU_897;size=23;	0	1	0	0	1	1	0	38	0	2	0	0	0	0	0	0	0	1	0	0
OTU_1033;size=15;	0	0	0	0	0	0	0	0	0	0	0	0	0	0	30	0	0	0	0	0
OTU_968;size=19;	0	0	0	0	0	0	32	0	0	0	0	0	0	0	0	1	0	0	0	0
OTU_717;size=43;	0	0	0	68	0	0	0	0	0	0	0	2	0	0	1	0	0	0	0	0
OTU_664;size=62;	0	0	0	0	0	0	0	1	0	0	93	0	0	0	1	0	0	0	0	1
OTU_588;size=82;	0	0	0	0	0	0	0	0	0	0	0	119	0	0	0	0	0	1	0	0
OTU_510;size=76;	0	0	0	0	1	0	0	0	0	116	1	1	0	0	0	0	0	0	0	0
OTU_1480;size=10;	13	6	0	2	1	0	5	15	0	7	0	0	9	4	1	0	1	8	3	1
OTU_519;size=75;	0	0	0	114	0	0	0	0	0	0	1	0	0	0	1	1	1	0	1	0
OTU_1419;size=39;	0	0	0	0	0	1	0	0	1	0	26	126	0	0	9	0	2	0	0	0
OTU_275;size=202;	0	0	0	0	1	0	0	2	0	1	1	1	0	0	0	279	0	1	0	0
OTU_901;size=23;	0	0	0	0	0	0	0	0	0	0	0	0	43	0	1	0	0	0	1	0
OTU_1135;size=12;	14	0	0	0	0	0	0	0	0	0	0	0	0	0	0	0	0	0	0	0
OTU_1212;size=7;	0	0	9	0	0	0	0	0	0	0	0	0	0	0	0	0	0	0	0	0
OTU_1067;size=12;	0	0	0	0	0	0	1	1	0	5	0	12	0	0	0	0	0	0	1	0
OTU_435;size=173;	0	0	0	1	0	0	0	0	2	1	0	1	0	0	0	1	165	2	0	0
OTU_344;size=141;	0	1	211	1	1	1	0	1	0	0	0	2	0	0	1	1	3	0	0	1
OTU_405;size=110;	0	0	0	90	0	1	0	0	0	1	1	0	33	0	0	19	0	1	10	2
OTU_295;size=191;	0	0	0	1	1	2	1	0	3	0	266	0	0	0	2	1	1	0	1	1
OTU_698;size=41;	0	1	25	0	1	0	0	1	0	1	0	0	36	0	0	2	0	0	1	0
OTU_847;size=36;	0	0	0	0	0	0	0	0	0	0	60	0	1	0	1	0	0	2	0	0
OTU_530;size=67;	1	0	0	1	0	0	0	0	0	101	0	0	0	0	0	0	0	2	0	0
OTU_1549;size=2;	7	1	1	1	4	0	3	12	5	0	4	0	1	1	0	1	0	12	3	2
OTU_369;size=265;	2	1	0	1	0	0	0	1	1	1	48	3	250	0	0	135	2	1	0	0
OTU_910;size=24;	12	0	0	0	0	0	0	0	0	0	0	0	0	0	1	0	0	23	0	0
OTU_694;size=41;	0	57	0	0	0	0	0	0	0	0	1	0	0	0	0	0	0	1	0	0
OTU_1539;size=4;	2	1	0	1	0	0	0	0	0	0	0	0	0	0	0	0	0	16	0	11
OTU_615;size=50;	0	0	0	81	0	1	0	0	0	0	1	0	0	0	0	1	0	1	0	0
OTU_424;size=123;	0	0	0	0	2	1	0	1	0	1	5	0	0	10	3	75	1	30	61	1
OTU_1335;size=4;	0	0	0	0	8	0	0	0	0	0	0	0	0	0	0	0	0	0	0	0
OTU_595;size=100;	0	1	1	0	0	1	0	0	0	0	138	1	1	1	0	0	0	0	0	0
OTU_871;size=37;	0	0	55	1	0	0	0	0	0	3	1	80	1	0	0	0	0	0	1	0
OTU_692;size=99;	0	1	38	1	28	0	0	1	0	23	1	40	0	1	0	0	0	1	42	0
OTU_315;size=202;	0	0	0	0	1	0	0	3	3	1	2	0	1	219	1	42	1	15	6	0
OTU_1247;size=40;	0	1	0	10	1	0	0	0	0	13	0	0	1	0	16	0	4	31	0	0
OTU_1316;size=38;	0	78	0	0	0	0	0	0	0	0	0	1	0	0	0	0	0	0	9	0
OTU_482;size=78;	1	1	116	1	0	0	0	0	0	0	0	0	0	0	1	0	0	0	0	2
OTU_810;size=106;	1	50	18	2	1	1	0	89	0	2	0	3	0	0	2	2	3	3	3	0
OTU_995;size=22;	0	0	0	0	0	0	0	0	0	0	9	0	0	0	0	2	31	0	0	2
OTU_423;size=131;	0	1	1	0	0	0	1	0	1	0	0	1	0	0	208	1	0	1	0	1
OTU_1268;size=5;	0	13	0	0	0	0	0	0	0	0	0	0	0	0	0	0	0	0	0	0
OTU_491;size=81;	1	0	1	0	2	0	24	0	0	0	0	0	2	0	0	94	0	0	0	0
OTU_1386;size=5;	0	0	1	0	1	0	0	0	0	1	0	0	0	67	0	0	0	2	0	0
OTU_1069;size=12;	1	0	0	0	0	0	27	0	0	1	0	0	0	0	0	0	0	0	0	0
OTU_1530;size=2;	0	0	3	1	2	0	1	0	0	1	0	1	0	0	0	0	2	0	3	1
OTU_366;size=329;	9	5	11	11	4	2	88	10	9	7	5	8	11	8	14	104	9	11	9	12
OTU_1463;size=8;	1	2	0	0	2	0	11	12	13	0	0	0	0	8	0	0	3	8	10	32
OTU_950;size=29;	0	0	0	1	0	0	41	0	1	1	0	0	0	0	0	0	0	0	0	0
OTU_1173;size=10;	0	0	0	0	0	0	0	0	0	0	0	0	0	0	1	1	0	16	0	0
OTU_1332;size=11;	0	5	0	2	0	0	1	9	1	6	2	0	3	5	1	0	0	2	1	2
OTU_791;size=29;	1	0	3	0	0	0	0	3	0	0	0	41	0	0	0	0	1	0	0	0
OTU_383;size=125;	0	0	0	1	168	0	1	0	0	0	0	0	0	0	0	0	0	1	1	0
OTU_1533;size=4;	0	5	0	0	8	0	5	0	1	0	0	0	3	0	1	0	1	0	1	0
OTU_457;size=91;	2	0	0	0	0	0	0	0	121	0	0	0	0	1	0	35	0	0	0	0
OTU_1064;size=12;	0	0	0	0	0	0	0	0	0	0	0	0	0	0	0	0	0	0	19	0
OTU_238;size=434;	0	0	0	0	1	0	0	0	2	0	0	379	0	0	0	0	0	0	0	1
OTU_1346;size=6;	0	0	0	0	0	0	4	0	1	0	1	0	0	1	0	0	1	4	0	0
OTU_412;size=239;	164	0	1	3	0	0	0	2	1	41	2	28	0	0	3	1	123	0	0	1
OTU_419;size=186;	1	18	119	2	19	3	0	1	0	3	2	1	0	2	7	29	1	1	1	0
OTU_805;size=51;	0	0	0	0	0	0	0	0	0	91	0	1	0	0	1	1	1	0	0	0
OTU_809;size=30;	1	0	0	46	0	0	0	0	1	0	0	0	0	0	1	0	0	0	0	0
OTU_565;size=117;	0	0	36	1	1	1	18	1	0	29	1	65	4	7	1	11	1	2	1	0
OTU_765;size=34;	0	0	0	0	0	0	0	0	0	0	1	0	45	0	0	0	0	0	0	0
OTU_1371;size=4;	0	0	5	0	0	0	0	0	0	0	0	0	0	0	0	0	0	0	0	0
OTU_1352;size=16;	0	0	0	0	10	0	0	0	0	1	0	0	0	29	0	0	0	0	0	2
OTU_1496;size=2;	0	0	0	0	0	0	0	0	0	0	0	0	0	0	5	0	0	0	0	0
OTU_539;size=85;	1	0	0	2	0	1	0	0	0	1	0	1	36	1	91	0	0	0	0	1
OTU_1299;size=5;	0	0	0	0	0	0	0	1	0	7	0	0	0	0	0	0	0	0	0	0
OTU_872;size=22;	0	1	0	0	0	0	0	0	0	30	0	0	0	0	0	4	0	0	0	0
OTU_1075;size=12;	0	0	0	0	0	0	0	0	0	0	0	0	0	0	0	16	0	0	0	0
OTU_1007;size=18;	0	0	0	0	0	0	0	0	0	28	0	1	0	0	0	0	0	0	0	0
OTU_1284;size=7;	0	0	0	0	0	0	0	0	12	0	0	1	0	0	0	0	0	0	0	0
OTU_1208;size=7;	0	0	0	0	0	0	0	0	0	0	0	0	0	9	0	0	0	0	0	0
OTU_637;size=72;	0	1	0	0	0	0	2	0	0	1	0	3	31	83	0	1	0	1	0	0
OTU_1009;size=17;	0	0	0	0	0	0	0	0	0	1	0	0	0	0	1	1	0	28	0	0
OTU_1341;size=4;	0	0	0	0	0	0	0	0	1	0	0	0	5	0	0	0	0	0	0	0
OTU_757;size=43;	0	0	0	0	0	0	0	0	0	0	73	1	0	0	0	0	0	0	0	0
OTU_705;size=41;	0	0	32	0	1	1	0	0	26	0	0	0	0	0	0	3	0	1	0	0
OTU_581;size=64;	0	0	1	102	0	0	0	0	0	0	0	0	0	0	1	0	0	0	0	0
OTU_363;size=136;	2	0	0	0	1	0	2	103	0	1	1	47	48	1	2	2	1	0	2	0
OTU_1054;size=20;	0	0	0	0	0	0	0	0	0	0	30	0	0	0	0	0	0	0	0	0
OTU_650;size=49;	0	0	1	1	0	0	0	24	0	0	0	0	4	0	2	1	0	52	0	0
OTU_687;size=41;	0	0	1	0	0	0	0	0	0	61	1	0	0	0	1	1	0	0	0	0
OTU_836;size=32;	0	0	1	0	0	1	0	0	0	0	0	0	1	0	0	0	0	62	0	1
OTU_551;size=66;	0	0	0	0	0	0	0	0	0	0	1	108	0	0	1	0	1	0	0	0
OTU_564;size=70;	1	0	101	0	0	0	1	0	0	0	1	0	1	0	0	0	1	0	1	0
OTU_355;size=148;	0	0	2	0	0	1	2	0	1	0	0	218	1	0	0	0	0	1	0	0
OTU_1119;size=19;	0	0	0	0	0	1	0	0	0	19	0	1	0	0	0	8	0	0	0	0
OTU_942;size=18;	1	0	0	0	0	0	0	0	0	0	1	0	0	1	0	0	0	27	0	0
OTU_1564;size=2;	0	4	0	0	0	0	0	0	0	0	0	0	0	0	0	0	0	0	0	0
OTU_965;size=38;	0	5	0	0	1	0	1	0	14	0	0	0	0	17	0	1	1	1	16	5
OTU_915;size=24;	0	0	0	0	1	0	0	0	0	0	0	0	0	0	0	0	1	35	0	0
OTU_467;size=82;	0	0	1	0	0	0	10	0	0	0	0	102	0	0	2	0	1	0	0	0
OTU_1426;size=17;	14	0	8	1	8	3	6	4	2	8	4	9	5	4	17	9	4	4	9	2
OTU_671;size=45;	0	0	0	32	0	0	5	0	0	0	22	1	0	11	0	0	0	0	0	0
OTU_618;size=52;	0	0	0	2	1	0	0	0	0	0	0	1	0	0	0	43	0	0	31	0
OTU_675;size=49;	1	0	1	76	0	0	0	0	0	0	0	0	0	0	0	0	0	0	0	0
OTU_1467;size=2;	0	6	0	2	0	0	5	0	1	3	2	1	0	0	2	0	0	2	3	0
OTU_817;size=55;	0	0	0	0	0	0	0	0	0	0	1	71	0	0	0	0	0	0	0	0
OTU_842;size=25;	0	0	0	0	0	0	0	0	0	33	0	0	0	0	0	0	0	0	1	0
OTU_882;size=38;	0	0	0	0	1	0	0	1	0	55	1	0	0	0	1	0	0	1	1	0
OTU_745;size=34;	0	0	0	0	0	1	0	0	0	0	0	0	0	0	53	0	0	0	0	0
OTU_849;size=24;	1	0	0	0	0	0	0	0	0	0	1	0	0	0	0	0	0	0	0	31
OTU_469;size=78;	0	0	0	2	1	1	0	0	0	1	1	0	0	0	0	0	0	0	107	0
OTU_1336;size=4;	8	0	0	0	0	0	0	0	0	0	0	0	0	0	0	0	0	0	0	0
OTU_751;size=33;	11	0	16	0	0	0	1	0	0	12	1	0	0	1	0	1	3	0	0	12
OTU_559;size=80;	0	0	18	0	0	1	0	0	2	0	0	0	0	0	0	100	0	0	0	0
OTU_703;size=39;	0	0	0	1	0	0	5	0	24	0	0	13	0	0	0	0	0	1	20	0
OTU_737;size=41;	1	0	0	1	0	0	0	0	0	0	11	0	0	0	0	10	48	0	0	0
OTU_821;size=37;	1	1	60	0	1	1	1	0	0	0	0	0	0	0	0	0	0	0	0	0
OTU_531;size=67;	0	0	0	0	0	0	0	0	1	103	0	0	0	0	0	0	0	0	0	0
OTU_1124;size=12;	0	0	0	19	0	0	0	0	0	0	0	0	0	0	0	0	0	0	0	0
OTU_754;size=37;	56	0	1	1	2	0	0	0	0	0	1	0	1	0	0	1	0	1	0	0
OTU_560;size=70;	2	0	94	0	0	0	0	0	1	0	0	1	0	0	0	0	0	1	0	1
OTU_591;size=57;	0	0	1	0	1	0	0	0	0	0	0	0	0	0	0	87	1	0	0	0
OTU_1073;size=67;	1	4	0	2	6	0	2	0	0	0	0	0	139	0	1	0	0	0	6	1
OTU_1398;size=3;	6	0	0	0	0	0	0	0	0	0	0	0	0	0	0	0	0	0	0	0
OTU_1381;size=14;	0	0	0	0	0	0	11	33	0	0	0	0	0	1	0	0	0	0	3	0
OTU_1112;size=21;	0	0	0	0	11	0	21	0	0	0	1	0	0	1	0	0	0	1	0	0
OTU_905;size=26;	0	0	0	0	0	0	0	0	0	0	0	0	0	0	42	0	0	0	0	0
OTU_936;size=19;	0	0	1	1	0	0	0	0	0	0	0	0	0	0	32	0	1	0	0	0
OTU_1570;size=4;	0	2	0	0	0	0	2	3	0	0	0	0	0	4	0	0	0	0	2	1
OTU_820;size=43;	0	0	0	0	0	0	0	0	60	0	1	0	0	7	0	0	0	0	0	0
OTU_527;size=64;	0	0	0	0	0	1	0	0	0	0	0	0	0	1	0	0	0	0	0	90
OTU_912;size=20;	0	0	0	29	0	1	0	0	0	0	1	0	1	0	0	0	0	0	0	0
OTU_1099;size=13;	0	0	0	0	0	1	0	0	0	1	0	16	1	0	0	0	0	0	0	0
OTU_1521;size=6;	0	0	0	0	0	0	0	24	0	0	0	0	0	0	0	0	0	0	0	0
OTU_653;size=83;	0	0	0	1	0	0	0	0	0	0	0	0	0	0	0	1	0	123	0	0
OTU_674;size=50;	0	0	0	0	1	0	0	0	0	0	0	1	0	0	0	1	0	76	0	0
OTU_398;size=117;	1	0	1	1	1	2	3	0	0	0	0	0	0	0	0	176	0	1	1	0
OTU_1063;size=12;	0	20	0	0	0	0	0	0	0	0	0	0	0	0	0	0	0	0	0	0
OTU_848;size=25;	0	0	0	0	0	0	0	0	0	0	0	0	42	0	0	0	0	0	0	0
OTU_396;size=105;	0	23	0	68	0	0	1	29	40	1	0	1	0	0	1	15	0	0	1	0
OTU_681;size=47;	1	0	0	0	0	0	1	0	0	0	0	0	0	0	0	74	0	0	0	0
OTU_601;size=60;	0	0	1	0	0	0	0	0	0	0	0	0	1	0	89	2	1	0	0	0
OTU_1331;size=4;	0	0	0	0	0	0	0	0	0	0	0	7	0	0	0	0	0	0	0	0
OTU_876;size=22;	1	0	0	0	1	0	0	0	0	0	0	36	0	0	0	1	0	0	1	0
OTU_974;size=17;	0	0	0	0	0	0	0	0	0	0	0	0	0	0	0	0	0	22	0	0
OTU_714;size=42;	0	0	0	0	0	0	0	0	0	0	0	0	0	0	1	0	65	0	0	0
OTU_1401;size=21;	3	14	0	2	1	0	5	7	0	2	2	0	4	30	0	1	0	4	4	10
OTU_538;size=78;	0	0	0	0	0	0	0	0	0	0	0	0	0	0	128	0	1	0	0	0
OTU_1193;size=9;	0	0	0	0	0	0	0	0	0	0	0	14	0	0	0	0	0	0	0	0
OTU_606;size=96;	0	0	1	0	1	1	0	0	1	0	0	130	9	0	0	0	0	0	0	0
OTU_1166;size=9;	0	0	1	16	0	0	2	0	0	1	0	0	0	0	1	0	0	0	2	3
OTU_1413;size=3;	0	0	0	1	0	0	0	0	0	9	0	0	2	0	7	0	0	1	0	1
OTU_1013;size=19;	0	0	0	0	0	0	0	0	0	0	0	0	0	30	0	1	0	0	0	0
OTU_1469;size=4;	0	0	0	0	0	0	0	0	0	0	1	0	0	8	0	0	0	10	1	0
OTU_1237;size=6;	0	16	0	0	0	0	0	0	0	0	0	1	0	0	0	0	0	0	0	0
OTU_1091;size=11;	0	0	0	0	0	1	0	0	0	0	0	0	0	0	0	0	0	15	0	0
OTU_796;size=29;	1	0	0	0	0	1	1	0	40	0	0	0	0	0	0	0	0	0	0	0
OTU_672;size=48;	0	0	0	0	0	0	0	0	0	0	81	0	0	0	0	0	0	0	0	0
OTU_1481;size=2;	0	0	0	0	0	0	0	0	0	4	0	0	0	0	0	0	0	0	0	0
OTU_787;size=32;	1	0	0	0	0	0	0	1	1	52	0	1	0	0	1	0	0	0	0	1
OTU_579;size=58;	0	0	1	1	2	0	0	0	0	0	102	0	0	1	1	0	0	1	0	0
OTU_726;size=36;	0	0	57	0	0	0	0	0	0	0	1	0	0	0	0	0	0	0	1	0
OTU_523;size=70;	0	0	1	0	0	0	1	0	0	0	0	95	1	0	0	1	1	2	2	0
OTU_1139;size=10;	0	0	0	0	0	0	0	0	0	0	0	0	0	0	1	0	22	0	0	0
OTU_955;size=18;	0	0	0	0	0	0	0	0	26	0	0	1	0	0	0	0	0	0	0	0
OTU_1097;size=11;	0	0	0	0	0	0	0	16	3	0	1	0	0	0	0	0	0	0	0	0
OTU_985;size=18;	18	0	0	0	3	0	2	0	0	0	0	0	1	0	5	0	0	1	2	0
OTU_892;size=25;	7	0	1	0	0	0	4	0	0	0	1	25	0	2	0	0	0	7	5	0
OTU_943;size=18;	1	0	0	0	21	1	0	0	0	0	0	0	0	0	0	0	1	0	0	0
OTU_1326;size=4;	0	0	0	7	0	0	0	0	0	0	0	0	0	0	0	1	0	0	0	0
OTU_683;size=50;	0	0	0	37	0	0	0	2	0	1	0	0	33	0	0	0	0	0	4	0
OTU_1090;size=11;	1	1	3	7	7	0	3	8	0	0	1	3	3	3	1	13	2	1	1	2
OTU_866;size=25;	0	0	38	0	0	0	1	0	0	0	0	1	0	0	0	2	0	0	0	0
OTU_715;size=39;	0	0	0	1	0	0	0	0	0	1	0	48	0	0	0	0	0	0	0	0
OTU_1030;size=26;	0	0	0	0	1	0	20	2	21	0	0	1	0	0	1	0	0	0	0	0
OTU_1397;size=13;	0	8	0	0	3	0	1	14	1	0	0	0	2	26	3	1	0	0	2	2
OTU_1109;size=14;	0	0	0	0	0	0	0	0	23	0	0	0	0	0	1	0	0	0	0	0
OTU_1484;size=2;	1	0	1	1	0	0	1	1	1	16	1	1	3	0	18	0	0	0	0	0
OTU_1355;size=4;	0	0	0	5	0	0	0	0	0	0	0	0	0	0	0	0	0	0	0	0
OTU_520;size=72;	1	0	0	0	0	0	0	0	0	4	1	0	1	15	0	1	1	63	25	0
OTU_1174;size=12;	0	0	0	0	1	0	0	0	0	25	0	0	0	0	0	0	1	0	0	0
OTU_1132;size=10;	0	0	0	0	0	0	0	0	0	0	0	0	0	0	0	0	16	0	0	0
OTU_1120;size=23;	0	0	2	0	0	0	1	0	0	0	41	0	0	0	0	0	0	0	0	0
OTU_628;size=48;	0	0	0	0	0	0	0	0	0	0	0	0	0	0	0	80	0	0	1	0
OTU_1293;size=70;	2	29	3	4	4	1	34	34	13	0	4	4	8	42	5	2	1	15	11	15
OTU_894;size=23;	0	0	0	35	1	0	0	0	0	0	0	0	0	0	0	0	0	0	0	0
OTU_789;size=30;	0	0	0	0	0	0	2	0	0	0	49	0	0	0	0	0	0	1	0	0
OTU_725;size=38;	0	0	0	0	1	0	0	0	1	0	0	0	0	0	58	0	0	0	0	0
OTU_1024;size=14;	1	0	0	0	0	0	0	0	0	1	22	1	0	0	0	0	0	0	0	0
OTU_1002;size=23;	0	0	0	13	0	0	1	0	0	0	23	0	0	0	0	0	0	0	0	0
OTU_1449;size=3;	0	0	0	0	0	0	0	0	0	0	0	0	0	0	0	0	0	7	0	0
OTU_1598;size=2;	0	0	0	0	0	0	0	1	0	0	1	3	0	0	0	0	0	0	0	24
OTU_660;size=45;	0	0	0	1	0	0	0	0	0	0	0	67	0	0	0	0	0	0	0	0
OTU_1113;size=10;	0	0	0	0	0	0	0	0	0	0	21	0	0	0	0	0	0	0	0	0
OTU_577;size=64;	1	0	0	0	1	0	0	0	0	9	0	1	0	24	2	1	74	0	0	1
OTU_978;size=18;	0	0	29	0	0	0	0	0	0	0	0	0	0	0	0	0	0	0	0	0
OTU_869;size=37;	0	0	1	1	1	0	0	0	0	0	61	0	0	0	0	0	0	0	0	0
OTU_506;size=72;	0	0	0	0	0	0	0	0	30	0	0	0	0	70	1	1	0	0	10	0
OTU_1079;size=14;	0	0	0	0	2	0	0	1	0	0	1	0	0	16	0	0	0	1	0	0
OTU_784;size=52;	3	7	10	13	0	0	3	5	1	1	1	2	2	0	5	8	4	4	0	2
OTU_652;size=67;	0	66	0	0	0	0	0	0	40	0	0	0	0	0	1	1	0	0	1	0
OTU_605;size=100;	16	0	0	70	1	0	0	2	0	62	0	0	0	0	0	0	1	2	0	0
OTU_521;size=68;	1	0	0	0	0	0	1	0	0	0	1	1	0	0	0	0	1	0	0	99
OTU_771;size=34;	1	0	1	0	0	0	0	0	0	0	64	0	0	0	0	1	0	0	0	0
OTU_666;size=52;	0	0	0	0	0	0	0	0	0	0	1	0	0	0	85	1	0	1	0	0
OTU_808;size=32;	0	0	0	59	0	0	0	0	0	0	0	0	0	0	0	0	0	0	0	0
OTU_721;size=46;	0	3	0	3	0	0	0	0	0	1	0	0	0	0	64	0	0	0	0	0
OTU_450;size=85;	0	0	0	140	1	0	1	3	0	1	0	1	0	1	0	0	0	0	0	0
OTU_667;size=61;	29	0	0	1	0	1	0	0	0	0	63	0	1	0	0	0	1	0	0	0
OTU_1111;size=10;	0	0	0	2	20	0	0	1	0	0	1	0	0	0	0	0	0	0	0	0
OTU_641;size=48;	0	0	1	0	0	0	0	0	0	0	0	0	0	0	0	78	0	0	0	0
OTU_613;size=68;	2	0	6	23	0	0	0	1	0	0	0	68	1	0	0	1	0	11	0	0
OTU_573;size=60;	1	0	0	0	1	2	0	0	0	1	0	0	0	0	1	0	86	0	0	0
OTU_1347;size=4;	0	0	0	0	0	0	0	0	0	0	0	0	0	0	0	0	0	0	0	7
OTU_1065;size=15;	0	0	0	0	0	0	0	0	0	0	0	0	0	0	0	20	0	0	0	0
OTU_479;size=198;	0	1	2	3	1	0	55	41	28	105	0	3	2	1	1	1	0	0	47	1
OTU_761;size=35;	0	0	0	0	0	0	0	1	0	0	0	0	1	0	0	1	0	0	0	43
OTU_390;size=108;	0	1	98	1	1	2	0	1	0	1	2	1	0	1	0	1	0	71	0	0
OTU_440;size=89;	0	0	1	1	1	0	121	0	1	0	1	1	0	0	0	1	2	3	1	0
OTU_1101;size=11;	0	0	21	0	0	0	0	0	0	0	0	0	0	0	1	0	0	0	0	0
OTU_1319;size=18;	0	0	21	0	0	0	0	1	0	0	0	0	2	0	0	1	0	0	0	0
OTU_920;size=22;	0	0	0	0	0	0	0	0	32	5	0	1	0	0	0	0	0	0	0	0
OTU_792;size=31;	0	0	0	0	0	1	0	1	1	0	0	0	0	0	39	4	1	1	1	0
OTU_863;size=33;	0	0	0	0	0	0	0	0	0	0	0	0	0	0	0	54	0	0	0	1
OTU_889;size=37;	0	0	0	1	0	0	0	0	0	0	1	0	0	0	0	0	0	0	53	0
OTU_1087;size=13;	8	3	0	5	0	0	0	0	0	0	0	0	0	0	0	0	0	0	0	0
OTU_843;size=36;	0	0	0	0	1	0	0	1	0	0	0	0	0	0	64	1	1	0	0	0
OTU_1267;size=32;	9	10	0	6	6	0	5	11	2	2	0	0	1	18	3	3	0	14	10	15
OTU_1046;size=13;	18	0	0	0	0	0	0	0	0	0	0	0	0	0	0	0	0	0	0	0
OTU_944;size=18;	36	0	0	2	0	0	0	0	0	0	0	0	0	0	0	0	0	0	0	0
OTU_753;size=33;	0	0	0	1	0	1	0	0	0	23	0	23	0	0	0	0	0	1	0	0
OTU_788;size=32;	0	0	0	1	0	1	0	0	51	1	2	0	0	0	0	0	0	0	0	0
OTU_800;size=32;	49	0	1	0	0	0	0	0	1	0	0	0	0	0	0	1	0	0	0	0
OTU_639;size=50;	0	0	0	1	0	0	0	0	74	0	0	2	0	0	2	0	0	0	0	1
OTU_1235;size=6;	0	0	10	0	0	0	0	0	0	0	0	0	0	0	0	0	0	0	0	0
OTU_1552;size=66;	2	0	0	0	1	0	0	0	1	0	0	1	4	0	161	2	0	1	0	0
OTU_735;size=35;	0	0	0	0	0	0	0	0	55	1	0	0	0	0	1	0	0	0	0	0
OTU_1194;size=7;	0	0	0	0	0	0	1	0	0	0	0	0	0	0	5	0	0	0	0	10
OTU_1313;size=21;	1	0	3	6	0	0	0	1	0	27	1	0	7	0	16	0	0	1	0	1
OTU_393;size=116;	169	1	0	0	0	0	0	0	1	0	1	1	2	0	0	3	0	0	0	0
OTU_816;size=42;	0	0	0	0	1	1	0	0	0	63	0	0	0	0	0	0	0	0	0	0
OTU_972;size=35;	0	0	0	2	0	0	0	0	0	1	0	0	0	0	0	64	0	0	0	0
OTU_973;size=19;	0	0	0	0	0	0	0	0	0	0	0	0	0	30	1	0	0	0	0	0
OTU_993;size=17;	0	0	0	0	0	0	0	0	0	0	0	22	0	0	0	0	0	0	0	0
OTU_1282;size=5;	0	0	0	0	0	0	0	0	0	0	0	8	0	0	0	0	0	0	0	0
OTU_1020;size=14;	0	25	0	1	0	0	0	0	0	0	0	0	0	0	0	0	0	0	0	0
OTU_612;size=72;	1	0	0	1	0	0	0	0	1	1	0	105	5	0	0	0	0	1	0	14
OTU_924;size=19;	32	0	0	0	0	0	0	1	0	0	0	0	0	0	1	1	0	0	0	0
OTU_1348;size=12;	0	0	66	0	1	0	0	0	0	0	0	1	8	41	1	0	4	0	0	0
OTU_1315;size=4;	0	0	0	0	0	0	0	0	0	5	0	0	0	0	0	0	0	0	0	0
OTU_846;size=36;	0	0	0	0	0	0	0	55	0	0	0	0	0	0	0	0	0	0	0	0
OTU_623;size=51;	0	0	0	0	0	0	0	0	0	0	3	78	0	0	0	0	0	0	0	0
OTU_1280;size=9;	1	0	0	0	0	0	0	0	1	2	0	0	0	5	2	0	0	0	0	0
OTU_1553;size=2;	0	0	0	0	0	0	0	0	0	0	0	0	0	0	4	0	0	0	0	0
OTU_446;size=94;	1	0	143	1	0	0	1	0	0	0	0	1	0	0	0	0	0	0	0	1
OTU_640;size=50;	0	1	2	0	0	0	0	0	0	0	1	0	0	0	0	0	0	0	81	0
OTU_511;size=81;	0	0	1	118	0	0	0	0	0	0	0	1	0	0	0	0	0	0	0	0
OTU_404;size=116;	0	0	0	0	0	1	9	0	48	2	1	0	0	1	0	3	0	0	0	103
OTU_930;size=19;	0	0	0	0	0	0	0	0	0	0	28	0	0	0	0	0	1	0	0	0
OTU_657;size=46;	0	0	0	0	1	0	0	0	0	1	1	2	79	0	1	0	0	0	0	0
OTU_1126;size=10;	0	0	0	0	0	1	0	0	0	0	0	14	0	0	0	0	0	0	0	0
OTU_839;size=27;	0	0	0	0	0	0	0	1	0	1	50	0	0	0	0	0	0	0	0	0
OTU_556;size=60;	1	0	85	1	0	0	0	0	0	0	0	0	0	0	1	0	1	0	0	0
OTU_931;size=22;	0	0	0	1	0	0	0	0	0	0	0	0	0	0	48	0	0	0	0	0
OTU_552;size=64;	0	0	0	0	0	0	0	0	0	1	0	0	1	0	2	91	1	0	0	0
OTU_926;size=23;	0	30	0	0	1	0	0	0	0	0	1	0	0	0	0	0	0	0	0	0
OTU_501;size=80;	0	0	0	0	1	0	0	0	0	1	0	1	1	0	139	2	0	0	0	1
OTU_659;size=56;	0	0	0	1	1	0	0	1	0	1	0	0	1	0	0	101	0	1	0	0
OTU_997;size=17;	0	0	0	0	0	0	0	0	0	0	0	0	0	27	1	0	0	0	0	0
OTU_1324;size=6;	0	0	0	0	0	0	0	0	0	0	0	0	0	16	0	0	0	0	0	0
OTU_568;size=73;	0	0	0	1	1	0	0	1	0	2	0	0	0	0	130	0	2	0	1	0
OTU_540;size=69;	0	0	0	1	0	0	0	0	0	0	2	107	0	1	1	1	0	1	0	1
OTU_1359;size=4;	0	0	0	0	4	0	0	0	0	0	0	0	0	0	0	0	0	0	0	0
OTU_763;size=35;	0	0	0	1	60	1	0	0	0	0	1	0	0	0	0	0	0	1	0	0
OTU_773;size=39;	0	0	2	10	1	0	0	4	1	0	42	1	1	1	0	0	0	0	0	0
OTU_922;size=24;	0	0	0	1	0	0	0	0	1	0	0	0	45	0	1	0	0	0	0	0
OTU_1050;size=15;	0	0	0	0	0	0	0	0	0	30	1	0	0	0	0	0	0	0	0	0
OTU_468;size=108;	1	26	0	0	0	0	1	0	0	0	0	1	0	0	0	132	0	0	0	0
OTU_887;size=24;	0	0	0	0	0	0	0	0	0	2	0	2	0	0	0	30	0	0	0	0
OTU_620;size=51;	0	1	75	0	0	0	0	0	0	0	0	0	0	0	1	0	0	0	0	0
OTU_1184;size=8;	1	0	0	1	0	0	0	0	14	0	0	0	0	0	0	0	0	0	0	0
OTU_898;size=34;	0	0	0	1	0	0	0	0	0	0	0	0	0	0	1	0	0	50	0	0
OTU_835;size=27;	44	0	0	0	0	0	0	0	0	0	1	0	0	0	0	0	0	0	1	0
OTU_960;size=17;	0	0	1	0	0	0	0	0	0	0	0	0	0	0	0	0	30	0	0	0
OTU_545;size=70;	1	0	0	0	0	1	0	0	0	0	107	0	0	0	1	0	0	1	0	0
OTU_818;size=31;	41	0	0	0	0	1	0	0	0	0	0	1	0	0	0	0	0	0	0	0
OTU_990;size=22;	0	33	0	0	0	0	0	0	0	1	0	0	0	0	1	0	2	1	0	0
OTU_954;size=18;	0	0	0	1	0	0	0	0	0	36	0	0	0	0	0	0	0	0	0	0
OTU_837;size=25;	0	0	0	0	2	0	0	0	0	0	37	0	0	0	0	1	0	0	0	0
OTU_1021;size=14;	0	0	0	0	1	0	0	0	0	0	0	0	1	0	0	1	0	18	1	0
OTU_1029;size=14;	0	0	20	0	0	0	0	0	0	1	0	0	0	0	1	1	0	0	0	0
OTU_589;size=66;	0	0	0	91	0	1	2	0	0	1	1	1	0	0	0	0	0	0	0	0
OTU_868;size=23;	0	0	0	0	1	0	1	0	0	0	36	0	0	0	0	0	0	0	0	0
OTU_1037;size=13;	0	0	1	0	0	0	0	0	19	0	0	0	0	0	1	0	0	0	0	1
OTU_929;size=26;	0	0	0	1	30	0	0	0	1	0	0	0	0	0	0	0	0	1	0	0
OTU_1185;size=8;	0	0	0	0	0	0	0	0	0	0	0	0	0	11	0	0	0	0	0	0
OTU_881;size=22;	0	0	0	0	0	0	0	0	0	39	0	0	0	0	0	0	0	0	0	0
OTU_489;size=83;	1	0	0	0	0	0	1	1	0	1	120	1	0	0	0	2	0	0	0	2
OTU_1459;size=12;	0	0	0	0	0	0	0	0	0	0	22	0	0	0	0	0	0	0	0	0
OTU_550;size=62;	1	0	0	0	0	0	0	0	0	96	0	0	0	0	0	1	0	1	0	0
OTU_747;size=47;	1	0	0	0	0	0	0	70	0	0	0	0	0	0	0	0	1	0	0	0
OTU_668;size=57;	0	48	0	2	0	0	0	41	0	0	0	0	1	0	1	1	1	0	1	1
OTU_855;size=26;	0	42	0	0	0	0	0	0	0	1	0	0	0	0	0	1	0	0	1	0
OTU_1273;size=5;	0	12	0	0	0	0	0	0	0	0	0	0	0	0	0	0	0	0	0	0
OTU_576;size=62;	0	0	1	0	0	0	0	0	0	0	101	0	0	0	2	1	0	0	0	0
OTU_1223;size=7;	0	0	0	0	1	0	9	1	0	0	0	0	0	0	0	0	0	0	0	0
OTU_1072;size=12;	0	25	0	0	0	0	0	0	0	0	0	0	0	0	0	0	0	1	0	0
OTU_867;size=25;	0	0	2	27	0	0	0	0	0	0	13	0	0	0	0	0	0	0	0	0
OTU_1015;size=40;	1	0	0	0	7	0	0	0	13	0	0	1	3	38	0	0	1	0	1	0
OTU_801;size=32;	0	0	0	0	0	0	0	0	0	0	0	0	0	0	0	49	0	0	0	0
OTU_1221;size=7;	0	0	0	0	0	0	0	0	0	0	10	0	0	0	0	0	0	0	0	0
OTU_734;size=37;	1	0	0	1	0	0	1	0	0	49	1	0	0	0	0	0	1	0	0	0
OTU_1490;size=2;	0	0	0	0	0	0	0	0	0	0	0	0	7	0	0	0	0	0	0	0
OTU_1207;size=7;	0	0	0	0	0	0	0	0	0	0	0	0	0	0	0	0	1	0	14	0
OTU_750;size=38;	0	0	0	1	0	0	0	0	0	1	0	1	0	0	74	0	1	0	0	0
OTU_828;size=39;	0	0	1	0	0	0	0	0	0	0	0	0	0	62	0	2	0	2	0	0
OTU_596;size=59;	0	0	0	0	0	0	1	0	0	96	0	0	0	0	0	2	1	0	0	0
OTU_495;size=152;	1	0	0	0	0	0	0	0	0	243	1	0	0	0	0	1	0	0	0	0
OTU_557;size=61;	0	0	0	2	1	0	0	0	86	0	0	0	0	0	0	0	0	1	1	0
OTU_782;size=61;	40	0	0	0	0	0	0	1	0	0	0	5	0	0	1	0	0	1	0	0
OTU_1038;size=13;	0	0	0	0	0	0	0	0	0	20	0	0	0	0	0	0	0	0	0	0
OTU_1287;size=5;	0	0	0	0	0	0	0	0	0	0	0	0	10	0	0	0	0	0	0	0
OTU_563;size=60;	0	1	0	0	0	0	0	1	0	0	0	49	46	0	0	0	0	0	0	0
OTU_916;size=30;	0	3	6	1	8	1	2	7	3	4	3	3	1	0	7	3	1	1	0	0
OTU_1155;size=11;	0	0	0	0	0	0	0	1	0	0	1	0	0	0	1	0	0	0	20	0
OTU_1123;size=10;	0	0	0	0	0	0	0	0	0	0	0	0	0	12	0	0	0	0	0	0
OTU_1129;size=10;	0	0	0	0	0	0	0	1	0	0	24	0	0	0	0	0	0	0	0	0
OTU_702;size=39;	0	0	1	0	1	0	0	1	0	0	63	0	0	0	0	0	1	0	0	1
OTU_908;size=20;	0	0	31	0	0	0	0	0	0	0	1	0	0	0	0	0	0	0	0	0
OTU_1203;size=11;	0	0	19	0	0	0	0	0	0	0	0	1	0	0	0	0	0	0	1	0
OTU_1399;size=6;	0	7	1	0	31	0	0	0	0	0	0	0	0	1	0	1	0	0	0	0
OTU_1084;size=15;	0	0	0	1	0	0	1	0	0	14	0	1	1	0	2	2	0	1	0	0
OTU_1278;size=10;	0	0	0	0	0	0	8	0	0	0	0	0	4	1	0	0	0	0	0	4
OTU_1094;size=11;	0	0	0	0	0	1	0	0	0	0	0	0	0	0	1	0	0	22	0	0
OTU_1224;size=14;	0	0	1	0	0	0	0	29	0	0	0	1	11	0	0	0	0	0	0	0
OTU_499;size=76;	0	1	0	0	0	0	0	1	0	0	0	114	1	0	0	0	0	0	0	0
OTU_909;size=20;	0	1	0	0	0	0	0	0	0	0	1	0	0	0	0	0	29	1	0	0
OTU_831;size=28;	0	1	0	30	0	0	0	8	0	0	0	0	0	1	0	1	0	0	0	0
OTU_764;size=34;	0	0	58	0	0	0	0	0	0	0	0	0	0	0	0	1	1	1	0	0
OTU_780;size=35;	1	0	0	0	0	0	0	0	0	0	0	1	0	0	73	0	0	0	0	0
OTU_937;size=19;	0	0	0	1	0	0	0	0	0	1	0	1	38	0	0	0	0	0	0	0
OTU_1062;size=12;	0	0	19	0	0	0	0	0	1	1	0	0	0	0	0	0	0	0	0	0
OTU_1012;size=22;	0	0	0	0	0	0	0	0	0	1	0	0	0	0	0	38	1	0	0	0
OTU_454;size=105;	0	0	1	1	0	2	0	0	96	61	3	1	0	0	0	2	1	0	0	0
OTU_475;size=92;	0	0	1	2	0	0	1	0	0	0	1	0	0	0	1	0	129	0	1	1
OTU_622;size=53;	0	0	1	0	0	0	0	0	0	0	0	0	0	0	0	75	0	0	0	0
OTU_592;size=55;	0	0	74	0	0	0	0	0	0	0	0	0	0	1	1	0	0	0	0	1
OTU_1128;size=12;	0	0	0	0	0	0	0	0	0	0	0	0	0	1	0	0	0	0	26	0
OTU_1302;size=9;	0	0	0	0	0	0	0	0	0	0	0	0	0	17	0	0	0	0	0	0
OTU_880;size=22;	0	0	0	39	0	0	0	0	0	1	0	0	0	0	0	0	0	0	0	0
OTU_1289;size=5;	0	0	1	0	0	0	0	0	0	0	0	0	0	0	0	0	0	1	6	0
OTU_807;size=28;	1	0	0	1	0	0	0	1	0	0	0	0	0	53	0	0	0	0	0	0
OTU_1127;size=15;	1	0	0	10	1	1	0	0	0	13	0	0	0	0	0	0	0	0	0	0
OTU_1092;size=13;	20	0	1	0	0	0	0	0	0	0	0	0	0	1	0	0	0	1	0	0
OTU_1053;size=17;	0	0	0	0	0	0	0	0	0	0	24	0	0	0	0	0	0	0	0	0
OTU_945;size=22;	0	0	32	0	0	0	0	0	0	0	0	0	0	1	1	0	0	0	0	0
OTU_884;size=26;	0	1	0	0	0	0	0	1	0	0	0	0	0	0	0	0	46	0	0	0
OTU_806;size=28;	0	0	0	0	0	0	0	0	42	0	0	0	0	0	0	0	1	0	0	0
OTU_864;size=30;	0	0	1	4	0	0	0	3	2	2	0	0	0	0	23	0	1	1	1	4
OTU_1098;size=11;	0	0	0	0	0	0	0	0	0	24	0	0	0	0	0	0	0	0	0	0
OTU_685;size=43;	0	0	0	1	1	0	0	0	0	0	0	70	0	0	0	0	1	0	0	0
OTU_1537;size=2;	0	0	0	0	0	0	0	0	0	0	0	0	0	5	0	0	0	0	0	0
OTU_1529;size=2;	4	1	1	1	3	0	1	4	2	3	0	2	1	2	1	0	1	7	0	1
OTU_888;size=22;	1	0	0	1	0	0	0	0	0	0	0	0	0	0	30	0	0	2	0	0
OTU_1520;size=6;	0	8	10	3	1	1	0	0	10	0	5	6	0	0	27	7	0	1	2	2
OTU_662;size=47;	0	0	0	0	0	0	1	8	0	0	59	0	1	1	0	1	0	0	0	1
OTU_1225;size=12;	0	0	0	0	13	0	0	0	0	0	0	0	0	0	0	0	0	6	0	0
OTU_585;size=56;	0	0	84	0	0	1	0	0	0	0	1	1	0	0	0	2	0	0	0	0
OTU_1131;size=10;	0	0	0	0	0	0	0	0	0	12	0	0	0	0	0	0	0	0	0	0
OTU_769;size=43;	0	0	0	0	0	0	2	0	0	0	1	0	20	47	1	0	1	0	0	0
OTU_710;size=44;	2	0	0	0	0	0	0	0	0	65	0	0	0	0	0	1	0	0	0	0
OTU_1200;size=7;	0	0	0	0	0	0	0	0	0	10	0	0	0	0	0	0	0	0	0	0
OTU_1231;size=24;	0	3	0	0	0	0	2	67	0	0	0	0	0	2	0	0	0	0	0	0
OTU_1197;size=7;	0	0	0	0	0	0	0	0	0	0	0	0	12	0	0	0	0	0	0	0
OTU_963;size=17;	0	0	32	1	0	0	0	0	0	0	1	1	0	0	1	0	0	0	0	0
OTU_999;size=15;	0	0	0	0	0	0	0	0	11	0	0	0	0	6	0	3	0	0	0	0
OTU_1311;size=7;	15	0	0	0	0	0	0	0	0	0	0	0	0	0	0	3	0	0	0	0
OTU_1060;size=14;	8	0	0	0	0	0	15	0	0	0	1	0	0	0	0	0	0	0	0	0
OTU_1543;size=4;	0	4	0	0	0	0	0	0	0	2	0	0	0	5	0	0	0	0	0	0
OTU_695;size=39;	0	1	1	64	0	1	0	0	0	0	0	0	0	0	0	0	0	0	0	0
OTU_1199;size=7;	0	0	0	0	3	0	0	0	0	3	0	0	0	0	1	4	0	0	0	0
OTU_1141;size=9;	0	0	0	0	0	0	0	0	0	12	0	0	0	0	0	0	0	0	0	0
OTU_1443;size=3;	0	0	0	0	0	0	0	0	0	0	8	0	0	0	0	0	0	0	0	0
OTU_1285;size=5;	0	0	0	0	0	0	0	0	0	0	0	0	0	0	0	0	0	0	0	6
OTU_1408;size=5;	0	27	0	0	0	0	0	0	0	0	0	0	0	0	0	0	0	0	0	0
OTU_1108;size=14;	0	0	0	0	0	0	0	0	0	0	9	0	0	0	17	0	0	0	0	0
OTU_838;size=25;	0	0	0	43	0	0	0	0	0	0	0	0	0	0	0	0	0	0	0	0
OTU_934;size=21;	0	0	32	1	0	0	0	0	0	0	0	0	0	0	0	1	0	0	0	0
OTU_1122;size=10;	0	11	0	0	0	0	1	0	0	0	0	1	0	0	0	0	0	0	0	0
OTU_803;size=32;	0	0	0	0	0	0	0	0	0	0	0	0	0	0	0	0	1	1	47	1
OTU_600;size=69;	0	1	0	0	0	0	0	0	0	0	0	0	3	0	1	0	0	0	103	0
OTU_743;size=39;	0	0	1	0	0	0	58	0	0	2	1	0	0	0	0	0	0	0	0	0
OTU_1213;size=7;	0	0	0	0	0	0	0	0	0	0	9	0	0	0	0	0	0	0	0	0
OTU_1516;size=2;	0	0	0	0	1	0	0	0	2	0	0	0	0	0	0	0	0	40	0	0
OTU_736;size=35;	0	0	0	52	0	0	0	0	0	0	0	0	0	0	0	0	0	0	0	0
OTU_1404;size=3;	0	0	0	0	0	0	6	0	0	0	0	0	0	0	0	0	0	0	0	0
OTU_488;size=82;	1	0	0	0	0	0	0	0	134	1	0	0	0	0	0	1	2	2	0	1
OTU_1219;size=9;	0	0	18	0	0	0	0	0	0	0	0	0	0	0	0	0	0	0	0	0
OTU_1088;size=11;	0	0	0	0	0	0	0	0	0	0	0	0	0	0	0	0	0	0	24	0
OTU_790;size=31;	0	0	0	0	24	0	0	0	0	0	1	0	0	16	4	0	1	0	1	1
OTU_1167;size=9;	0	0	0	10	0	0	0	0	0	3	0	0	0	0	0	0	0	0	0	5
OTU_927;size=47;	0	22	0	0	0	1	0	0	0	0	23	3	14	0	0	0	1	0	0	0
OTU_918;size=24;	0	0	1	0	11	0	0	0	0	0	0	0	0	0	0	39	0	0	0	0
OTU_663;size=47;	0	0	0	0	0	0	0	66	1	0	1	0	0	0	0	0	0	0	0	1
OTU_1006;size=31;	0	0	0	6	0	0	0	0	0	0	0	0	0	0	0	0	19	0	28	0
OTU_961;size=17;	0	0	0	1	0	1	0	0	0	0	0	0	0	24	0	0	0	0	0	0
OTU_907;size=22;	0	0	0	2	1	1	0	0	0	0	0	0	0	0	39	0	0	0	0	0
OTU_1214;size=9;	0	15	0	0	0	0	0	0	12	0	0	0	0	1	0	0	0	0	0	0
OTU_1263;size=5;	0	0	0	0	11	0	0	0	0	0	0	0	0	0	0	0	0	0	0	0
OTU_1378;size=3;	0	8	0	0	0	0	0	0	0	0	0	0	0	0	0	0	0	0	0	0
OTU_970;size=17;	0	0	0	0	0	0	0	0	0	0	0	28	0	0	0	1	0	0	0	0
OTU_1204;size=9;	0	0	0	0	0	0	8	0	2	0	0	0	0	0	0	0	0	1	0	0
OTU_856;size=28;	0	0	0	0	0	0	0	0	7	0	0	0	0	0	0	1	0	0	0	34
OTU_756;size=66;	0	1	0	0	0	0	0	0	0	0	0	109	0	0	1	0	0	0	0	0
OTU_858;size=27;	0	1	0	60	0	0	0	0	0	2	0	0	0	0	0	1	0	0	0	0
OTU_1070;size=14;	0	0	0	0	0	0	0	0	0	0	0	0	0	0	18	0	0	0	0	0
OTU_1275;size=5;	0	0	0	0	0	0	0	0	0	0	0	14	0	0	0	0	0	0	0	0
OTU_1085;size=11;	1	1	0	0	0	0	0	0	1	0	0	0	0	0	0	0	13	0	0	0
OTU_1061;size=16;	0	0	0	0	0	0	25	0	0	0	0	0	0	8	0	0	0	0	0	0
OTU_644;size=52;	0	0	0	0	0	0	1	0	13	0	0	0	0	68	0	0	0	0	0	0
OTU_1049;size=15;	0	0	0	0	26	0	0	0	0	0	0	0	0	0	0	0	0	0	0	0
OTU_1019;size=14;	0	0	0	0	0	0	0	0	0	0	0	0	0	0	0	0	0	0	22	0
OTU_696;size=45;	0	0	0	0	0	0	0	0	0	0	0	0	0	0	1	67	0	0	0	0
OTU_1276;size=5;	0	0	0	0	0	0	0	1	0	0	0	1	0	0	0	0	0	0	0	6
OTU_1298;size=5;	0	0	0	0	0	0	0	0	0	7	0	0	0	0	0	1	0	0	0	0
OTU_752;size=36;	0	0	0	0	51	2	0	0	0	0	0	1	0	0	0	0	0	0	0	1
OTU_906;size=27;	0	0	0	0	5	0	0	0	5	4	9	8	0	0	4	0	0	3	0	0
OTU_878;size=32;	40	0	0	0	0	0	0	0	0	11	0	0	0	0	0	0	0	0	0	0
OTU_902;size=26;	0	0	36	0	0	0	0	0	0	0	0	0	0	1	0	0	0	0	0	0
OTU_707;size=38;	0	0	0	0	0	0	0	0	60	0	0	0	0	0	0	0	1	0	0	1
OTU_1162;size=9;	0	0	0	14	0	0	0	0	0	0	0	0	0	0	0	0	0	0	0	0
OTU_658;size=50;	0	0	1	78	0	0	0	0	1	0	0	1	0	0	0	0	1	0	0	0
OTU_793;size=33;	5	0	42	0	0	0	0	1	0	0	0	0	1	0	1	0	0	0	1	0
OTU_1059;size=16;	25	0	0	0	1	0	0	1	0	0	0	0	0	0	0	0	0	0	0	0
OTU_1039;size=16;	0	0	0	0	0	0	0	0	0	0	0	26	0	0	0	0	0	0	1	0
OTU_1042;size=13;	0	0	1	0	16	0	0	0	0	0	0	0	0	0	0	0	0	0	0	0
OTU_525;size=71;	0	0	102	0	0	0	0	0	1	1	1	0	1	0	0	0	0	0	1	0
OTU_1083;size=23;	0	5	0	1	0	0	0	0	1	0	0	0	2	0	1	0	0	0	5	13
OTU_885;size=25;	0	0	2	1	0	0	0	1	0	0	0	0	0	0	0	0	0	0	36	0
OTU_1365;size=6;	0	0	0	0	1	0	0	0	0	0	8	0	0	0	0	0	0	0	0	0
OTU_688;size=40;	2	59	0	1	0	0	0	0	1	0	0	0	0	1	1	0	0	0	0	0
OTU_1171;size=13;	0	0	0	0	0	0	0	0	1	0	1	1	0	0	22	0	0	0	0	0
OTU_1017;size=14;	0	0	0	0	0	0	0	0	17	0	0	0	0	0	0	0	0	0	0	0
OTU_1556;size=2;	0	0	0	0	0	0	0	0	0	0	0	0	0	0	0	1	0	0	0	10
OTU_1121;size=10;	0	0	0	0	0	0	0	0	0	0	14	0	0	0	0	0	0	0	0	0
OTU_853;size=29;	0	0	0	0	1	0	7	1	0	47	0	1	0	0	0	0	0	0	0	0
OTU_1210;size=7;	0	0	0	0	0	0	0	0	0	0	0	0	0	0	0	0	0	0	0	11
OTU_854;size=24;	0	0	0	0	0	0	0	0	0	0	0	0	0	0	0	0	0	0	1	47
OTU_794;size=39;	0	0	0	0	0	0	0	0	0	0	43	14	0	0	0	1	0	0	0	1
OTU_859;size=34;	0	0	0	0	0	0	0	0	0	1	1	0	0	0	0	0	0	0	51	0
OTU_785;size=46;	0	0	0	0	0	0	0	16	9	0	0	33	0	0	0	0	1	0	0	1
OTU_1366;size=4;	0	0	0	0	0	0	5	0	0	0	0	0	0	0	0	0	0	0	0	0
OTU_716;size=44;	0	0	0	0	0	0	0	0	0	0	0	0	0	0	0	0	61	0	0	0
OTU_958;size=19;	0	0	0	0	0	0	0	0	0	0	0	0	35	0	0	0	0	0	0	0
OTU_1051;size=21;	0	0	0	0	0	0	0	0	0	0	36	0	0	0	2	0	0	0	0	0
OTU_982;size=18;	0	0	0	0	0	0	1	0	0	0	0	0	0	1	35	0	0	0	0	0
OTU_840;size=25;	0	0	0	0	0	0	0	0	0	0	0	0	0	0	38	0	0	0	0	0
OTU_1168;size=17;	0	0	0	0	0	0	0	0	25	0	0	0	0	0	0	0	0	0	0	0
OTU_1542;size=4;	0	2	0	0	0	0	1	0	0	0	0	0	4	0	0	0	0	1	3	0
OTU_1567;size=2;	23	0	0	0	0	0	0	1	0	0	0	0	0	0	0	0	0	0	0	0
OTU_1561;size=4;	0	0	0	0	0	0	0	0	0	0	0	0	0	1	13	0	0	0	0	0
OTU_1239;size=10;	0	0	0	0	0	0	0	0	0	21	0	0	0	0	0	0	0	0	0	0
OTU_1591;size=2;	0	0	0	2	1	0	0	0	0	0	1	0	0	0	0	2	0	1	0	0
OTU_1568;size=4;	0	0	0	0	0	0	0	0	0	0	0	0	0	0	0	0	0	0	8	0
OTU_1078;size=19;	0	29	2	0	0	0	0	0	0	0	0	1	0	0	0	1	0	0	0	0
OTU_1333;size=17;	0	33	0	0	0	0	0	0	0	0	0	0	0	0	0	0	0	0	0	0
OTU_766;size=41;	0	0	0	1	0	0	77	0	0	0	0	1	1	0	0	0	0	0	0	0
OTU_1288;size=5;	0	0	0	0	11	0	0	0	0	0	0	0	0	0	0	0	0	0	0	0
OTU_1154;size=9;	0	0	0	0	0	0	0	0	0	0	0	0	0	0	0	16	0	0	0	0
OTU_989;size=16;	0	0	0	0	1	0	0	0	0	23	0	0	1	0	0	0	0	0	0	0
OTU_1045;size=16;	0	0	0	0	0	0	0	0	0	0	0	0	0	0	0	0	0	0	0	24
OTU_1338;size=4;	0	0	0	0	0	0	1	0	0	0	0	0	0	0	0	0	0	5	0	0
OTU_984;size=19;	0	0	0	0	0	0	0	24	0	0	0	0	17	0	0	0	0	0	0	0
OTU_697;size=41;	0	0	0	1	0	0	0	1	1	67	0	0	1	0	0	0	0	0	0	0
OTU_1337;size=6;	0	0	0	0	0	0	0	0	0	0	0	0	0	0	0	8	0	0	0	0
OTU_1179;size=22;	1	0	0	0	1	0	6	0	0	0	0	0	0	0	8	2	3	9	0	4
OTU_1394;size=3;	0	0	0	0	0	0	0	0	0	1	0	8	0	0	0	0	0	0	0	0
OTU_877;size=31;	0	0	0	0	0	0	0	0	0	0	0	0	0	0	0	56	0	0	0	0
OTU_1589;size=2;	0	0	0	0	0	0	0	0	0	0	0	0	0	0	5	0	0	0	0	0
OTU_1103;size=18;	0	0	0	1	0	0	0	0	28	0	0	0	0	0	0	0	0	0	0	0
OTU_1563;size=2;	0	0	0	0	0	0	12	0	0	0	1	0	0	0	0	0	0	0	0	0
OTU_767;size=44;	0	0	1	0	0	0	0	0	1	0	0	0	0	0	66	0	0	0	0	0
OTU_1148;size=9;	0	0	0	0	0	0	0	11	1	0	0	0	0	0	0	1	0	0	0	0
OTU_1031;size=14;	0	0	0	0	0	0	0	0	0	0	0	19	0	0	0	0	0	0	0	0
OTU_833;size=26;	0	0	0	1	0	0	35	1	0	1	0	0	0	0	0	1	0	0	0	0
OTU_1327;size=4;	0	0	0	0	0	0	0	2	0	0	12	0	0	0	0	0	0	0	0	0
OTU_1202;size=7;	0	0	0	0	0	0	0	0	0	10	0	0	0	0	4	0	0	0	0	0
OTU_739;size=37;	41	0	0	0	0	0	0	0	0	1	0	0	0	1	0	0	1	0	19	0
OTU_1328;size=4;	0	0	0	0	0	0	0	0	0	0	0	0	0	0	0	0	0	0	7	0
OTU_1216;size=7;	0	0	0	0	0	0	0	0	0	1	0	0	0	0	0	8	0	0	0	0
OTU_1115;size=10;	0	0	0	0	0	0	0	0	15	1	0	0	0	0	0	0	0	0	0	1
OTU_1353;size=4;	0	0	0	0	0	0	0	0	0	0	0	0	9	0	0	0	0	0	0	0
OTU_1160;size=9;	0	14	0	0	0	0	1	0	0	0	0	0	0	0	0	0	0	0	0	0
OTU_558;size=59;	0	0	1	0	0	0	0	0	0	0	0	0	0	0	0	0	0	84	0	0
OTU_1102;size=11;	0	0	0	0	0	0	0	0	0	0	0	0	0	0	20	0	0	0	0	0
OTU_797;size=36;	1	0	0	0	54	0	0	0	0	0	0	0	0	0	0	0	0	0	0	0
OTU_959;size=17;	0	31	0	0	0	0	0	1	0	0	1	0	1	0	1	0	0	0	0	0
OTU_1195;size=7;	0	0	0	0	13	0	0	1	0	0	0	0	0	0	0	0	0	0	0	0
OTU_1436;size=5;	1	0	0	0	0	0	4	0	1	1	3	0	0	0	0	1	0	0	0	0
OTU_1189;size=8;	0	0	0	0	0	0	13	0	0	0	0	0	0	0	0	0	1	0	0	0
OTU_983;size=30;	0	0	0	0	0	0	0	0	0	41	0	2	0	0	0	0	0	0	0	0
OTU_900;size=23;	0	0	11	0	2	0	4	0	2	0	1	0	0	4	1	0	0	0	2	0
OTU_1427;size=3;	0	0	0	0	0	0	0	0	0	0	0	0	0	7	0	0	0	0	0	0
OTU_1227;size=13;	0	4	0	0	5	0	0	0	0	1	0	0	0	0	0	0	0	0	0	14
OTU_1137;size=12;	0	0	0	0	0	2	0	0	0	0	19	0	0	0	0	0	0	0	0	0
OTU_799;size=43;	0	0	0	0	0	0	0	0	1	0	1	1	0	1	0	1	0	0	0	73
OTU_822;size=29;	1	0	41	0	1	0	0	0	0	0	0	1	0	0	0	0	0	0	0	0
OTU_1508;size=48;	0	0	1	0	0	1	2	0	5	0	0	7	0	2	5	1	0	2	6	0
OTU_1344;size=4;	0	6	0	0	0	0	0	0	0	0	0	0	0	0	0	0	0	0	0	0
OTU_1497;size=2;	0	0	0	0	0	0	0	0	0	0	0	0	0	5	0	0	0	0	0	0
OTU_1269;size=5;	0	0	0	0	0	0	0	0	0	0	0	0	0	0	0	0	0	12	0	0
OTU_1011;size=17;	0	0	0	0	0	0	0	0	0	0	0	0	0	0	0	0	0	0	0	29
OTU_1080;size=12;	0	0	0	0	0	0	0	0	0	16	0	0	0	0	0	0	0	0	0	0
OTU_1187;size=12;	0	0	0	0	0	0	0	0	0	0	0	0	0	0	0	18	0	0	0	0
OTU_1382;size=6;	1	1	3	0	1	0	0	0	1	12	0	0	0	10	0	0	0	0	0	0
OTU_1150;size=9;	0	0	6	0	0	0	0	0	0	0	0	0	0	0	0	9	0	0	0	0
OTU_1262;size=6;	0	0	0	1	0	0	11	0	0	0	0	0	0	0	0	0	0	0	0	0
OTU_1035;size=17;	0	0	0	1	0	0	0	0	0	0	0	0	0	1	0	0	28	0	0	0
OTU_1010;size=15;	0	0	0	25	0	0	0	1	0	0	0	0	0	0	0	0	0	0	1	0
OTU_1182;size=8;	0	0	0	1	0	0	0	0	0	13	0	0	0	0	0	0	0	0	0	0
OTU_996;size=15;	0	0	0	0	0	0	0	0	0	24	0	0	0	0	0	0	0	0	0	0
OTU_1447;size=3;	0	0	0	0	4	0	0	0	0	0	0	0	0	0	0	0	0	0	0	0
OTU_1068;size=12;	0	1	1	0	0	0	0	0	0	0	0	14	0	0	0	0	0	0	0	0
OTU_1370;size=4;	0	0	5	0	0	0	0	0	0	0	0	0	0	0	0	0	0	0	0	0
OTU_1343;size=7;	0	0	0	0	8	0	0	4	0	0	0	0	0	1	0	0	1	0	0	0
OTU_1222;size=7;	0	0	0	0	0	0	0	0	0	0	1	0	0	0	13	0	0	0	0	0
OTU_1499;size=2;	0	0	0	0	0	0	0	0	0	0	0	0	0	0	0	0	0	3	0	0
OTU_1230;size=6;	0	0	0	0	16	0	0	0	0	0	0	0	0	0	0	0	0	0	1	0
OTU_1016;size=18;	0	0	0	0	0	0	0	0	0	0	0	0	0	0	0	26	0	1	0	0
OTU_1416;size=5;	0	0	0	0	0	0	0	0	0	0	0	0	0	0	12	0	0	0	0	0
OTU_1317;size=4;	0	0	0	0	0	0	0	0	0	0	0	0	0	0	0	0	0	4	1	0
OTU_1198;size=7;	0	0	0	0	0	0	0	1	0	0	15	0	0	0	1	0	0	0	0	0
OTU_1145;size=12;	0	0	0	0	0	0	0	0	0	20	1	0	0	0	0	0	0	0	0	0
OTU_1089;size=11;	0	0	0	0	0	0	0	0	0	0	16	0	0	0	0	0	0	0	0	1
OTU_914;size=24;	0	0	5	3	5	0	5	7	4	1	0	1	0	4	4	0	0	1	1	0
OTU_967;size=22;	0	0	1	0	0	0	0	0	0	0	0	0	0	0	32	0	0	0	0	0
OTU_1163;size=9;	0	0	0	1	0	0	0	0	0	0	10	0	0	0	0	0	0	0	0	0
OTU_1181;size=8;	0	0	0	0	0	0	0	0	0	0	0	0	0	0	0	0	0	0	0	11
OTU_1434;size=3;	0	5	0	0	0	0	0	0	0	0	0	0	0	0	0	0	0	0	0	0
OTU_1026;size=14;	0	0	0	0	0	0	0	0	1	0	20	0	0	0	0	0	0	0	0	0
OTU_1241;size=10;	0	0	0	0	1	0	0	0	0	5	0	0	0	1	8	0	0	0	0	0
OTU_1388;size=3;	0	0	0	0	0	0	0	0	0	0	0	0	0	0	4	0	0	0	0	0
OTU_1192;size=7;	0	0	0	0	0	0	0	0	0	0	0	0	0	0	0	0	1	0	11	0
OTU_883;size=31;	0	0	0	0	0	0	0	0	0	0	0	0	0	0	0	0	56	0	0	0
OTU_899;size=23;	0	0	0	0	0	0	0	0	0	38	0	0	0	0	2	0	0	0	0	0
OTU_1595;size=2;	0	0	0	0	0	0	0	0	0	0	0	0	0	0	0	0	1	4	0	0
OTU_1571;size=2;	0	0	0	0	1	0	0	0	1	1	0	0	0	0	0	0	0	0	0	53
OTU_1245;size=11;	0	0	0	0	0	8	0	0	0	0	0	0	13	0	0	0	0	0	0	0
OTU_1395;size=3;	0	0	0	0	0	0	0	0	0	6	0	0	1	0	1	0	1	0	0	0
OTU_1249;size=6;	0	0	0	0	0	0	0	0	0	0	14	0	0	0	0	0	0	0	0	0
OTU_811;size=28;	0	0	0	0	0	0	0	0	42	0	0	0	0	0	0	0	0	0	0	0
OTU_1444;size=3;	0	3	0	0	0	0	0	0	0	0	0	0	0	0	0	0	0	0	0	0
OTU_986;size=16;	0	0	0	0	0	0	0	0	0	1	0	0	1	0	28	0	0	0	0	0
OTU_1130;size=10;	17	0	0	0	0	0	0	0	0	0	1	0	0	0	0	0	0	0	0	0
OTU_1056;size=13;	0	0	1	0	0	0	0	0	0	0	0	0	0	0	0	0	0	24	0	0
OTU_1220;size=7;	0	0	0	0	0	0	0	0	0	10	0	0	0	0	0	0	0	0	0	0
OTU_1259;size=6;	0	0	0	1	0	0	0	0	0	0	0	0	0	0	0	0	0	0	16	0
OTU_1066;size=12;	0	0	0	0	0	0	0	0	0	0	0	0	0	0	0	0	1	0	0	16
OTU_1488;size=2;	0	0	0	0	0	0	0	0	5	0	0	0	0	0	0	0	0	0	0	0
OTU_1133;size=10;	0	2	0	0	0	0	0	0	0	0	0	0	0	3	3	0	0	0	8	0
OTU_1117;size=10;	0	0	0	0	0	0	0	0	0	0	0	0	0	0	0	0	21	0	0	0
OTU_1149;size=9;	0	0	1	0	0	0	0	0	0	0	17	0	0	0	0	0	0	0	0	0
OTU_731;size=38;	1	0	0	1	0	0	1	0	0	0	62	0	0	0	0	0	0	0	0	0
OTU_971;size=17;	0	0	0	0	0	0	1	0	34	0	0	0	0	0	0	0	0	0	0	0
OTU_1457;size=5;	0	0	0	0	1	0	0	0	1	0	0	0	0	0	0	0	0	0	0	5
OTU_1510;size=2;	0	0	0	0	0	0	0	7	0	0	0	0	0	0	0	0	0	1	0	0
OTU_1452;size=3;	0	0	0	0	0	0	0	0	0	0	0	0	0	0	0	1	0	0	6	0
OTU_956;size=21;	0	0	0	0	0	0	0	0	0	0	1	0	0	0	1	0	0	0	0	28
OTU_1304;size=7;	0	0	0	0	0	0	0	0	0	0	0	0	0	0	0	0	0	0	0	17
OTU_933;size=19;	0	0	0	0	0	0	0	0	0	0	0	0	0	0	0	1	0	0	0	27
OTU_875;size=22;	0	0	0	0	0	0	0	32	0	1	0	0	2	0	1	1	0	0	0	0
OTU_1138;size=10;	0	0	0	0	0	0	0	0	0	1	0	0	0	0	1	0	0	0	11	0
OTU_1196;size=14;	0	0	0	1	0	0	0	0	0	0	0	0	11	0	0	14	0	0	0	0
OTU_1156;size=9;	0	0	0	0	0	0	0	0	0	0	0	0	17	0	0	0	0	1	0	0
OTU_1320;size=4;	0	0	0	0	0	0	0	0	0	0	0	0	0	10	0	0	0	0	0	0
OTU_962;size=20;	0	0	0	0	0	0	0	0	0	0	0	30	0	0	0	0	0	0	0	0
OTU_1456;size=3;	0	0	0	0	0	0	0	0	0	0	0	0	0	0	5	0	0	0	0	0
OTU_1252;size=6;	0	0	0	0	0	0	0	1	0	0	6	0	4	0	1	0	0	0	0	0
OTU_896;size=30;	0	0	0	0	0	0	0	0	0	0	0	40	0	0	0	2	1	0	0	1
OTU_1448;size=3;	0	0	5	0	0	0	0	0	0	0	0	0	0	0	0	0	0	0	0	0
OTU_1310;size=5;	0	0	0	0	0	0	0	0	0	6	0	1	0	0	0	0	0	0	0	0
OTU_1105;size=13;	0	0	0	0	0	0	0	0	0	21	0	0	0	0	0	0	0	0	0	0
OTU_1218;size=7;	0	0	0	0	0	0	0	0	0	11	0	0	0	0	0	0	0	0	0	0
OTU_1040;size=13;	0	17	0	0	0	0	0	1	0	0	0	1	0	0	0	0	0	0	0	0
OTU_1264;size=8;	0	0	0	0	0	0	10	0	0	0	0	0	0	0	1	0	0	0	0	0
OTU_1458;size=5;	0	0	0	1	0	0	0	0	0	0	0	0	0	0	0	0	1	8	0	0
OTU_1161;size=12;	0	0	0	0	0	0	16	0	0	0	0	0	0	0	0	0	0	0	0	0
OTU_1445;size=5;	0	0	0	0	0	0	0	1	0	0	1	0	0	0	9	0	0	0	0	0
OTU_949;size=21;	0	0	0	0	0	0	0	0	0	0	0	32	0	0	0	0	0	0	0	0
OTU_1596;size=2;	0	0	0	0	0	0	0	0	0	6	0	0	0	1	0	0	0	0	0	0
OTU_1430;size=3;	0	0	1	0	0	0	0	0	0	0	0	0	0	0	0	0	0	0	0	8
OTU_1004;size=15;	0	0	0	0	1	0	0	1	0	0	0	0	19	0	0	0	0	3	1	0
OTU_1188;size=8;	0	0	0	0	0	0	4	0	0	0	0	0	0	0	7	0	0	0	0	1
OTU_1170;size=9;	0	0	0	0	0	0	0	0	0	0	0	0	0	0	0	0	1	15	0	0
OTU_1251;size=6;	8	0	0	0	0	0	0	0	0	0	0	1	0	0	0	0	0	0	0	0
OTU_988;size=20;	0	0	0	0	0	0	0	0	0	0	0	0	0	34	0	0	0	0	0	0
OTU_1473;size=4;	0	0	0	0	1	0	0	0	1	0	1	2	0	0	1	2	6	1	0	2
OTU_1329;size=4;	0	0	0	0	0	0	0	0	7	0	0	0	0	0	0	0	0	0	0	0
OTU_762;size=40;	0	0	0	1	44	1	0	0	0	0	1	0	0	0	0	8	0	0	0	0
OTU_1592;size=2;	0	0	0	0	3	0	0	0	0	0	0	0	0	0	0	1	0	0	0	0
OTU_1043;size=24;	0	0	0	0	0	0	0	0	1	0	0	0	0	1	0	0	0	0	0	28
OTU_1177;size=8;	0	0	0	0	0	0	0	0	0	0	0	22	0	0	0	0	0	0	0	0
OTU_718;size=37;	0	0	0	0	0	0	0	0	0	2	0	0	0	0	0	0	48	0	0	0
OTU_1300;size=5;	0	0	0	0	0	0	0	0	1	0	0	0	0	9	0	0	0	0	0	0
OTU_1303;size=5;	0	0	0	0	0	0	0	0	0	11	0	0	0	0	0	0	0	0	0	0
OTU_938;size=19;	0	0	0	0	0	0	0	0	0	0	0	0	0	24	1	0	0	0	0	0
OTU_1104;size=14;	0	0	0	0	0	0	0	0	0	27	0	0	0	0	0	0	0	0	0	0
OTU_1018;size=14;	0	0	0	0	0	0	0	0	0	0	0	0	1	0	0	0	0	0	21	0
OTU_1350;size=4;	0	0	0	0	0	0	0	0	0	0	0	0	0	6	0	0	0	0	0	0
OTU_1600;size=2;	0	0	0	0	0	0	0	0	0	0	0	0	0	0	0	4	0	0	0	0
OTU_1502;size=2;	0	0	0	0	0	0	0	0	0	0	3	0	0	0	0	0	0	0	0	0
OTU_941;size=20;	0	0	0	0	0	0	0	0	0	0	38	0	0	0	0	0	0	0	0	0
OTU_1373;size=4;	0	0	0	0	0	0	0	10	0	0	0	0	0	0	0	0	0	0	0	0
OTU_1393;size=3;	0	0	0	1	0	0	0	1	2	0	0	0	0	2	0	1	1	0	0	0
OTU_1175;size=8;	0	0	0	0	0	0	0	0	0	0	0	0	0	0	0	0	10	0	0	0
OTU_1334;size=7;	0	2	0	9	0	0	0	0	1	0	0	0	0	0	0	0	0	3	0	0
OTU_1140;size=12;	0	0	0	0	20	0	0	0	0	0	0	0	0	0	0	0	1	0	0	0
OTU_1487;size=2;	0	0	0	0	0	0	1	0	0	0	0	0	0	0	3	0	0	0	0	0
OTU_1534;size=2;	0	0	0	0	0	0	0	0	0	0	0	0	0	0	0	0	0	0	3	0
OTU_1114;size=14;	0	0	0	0	1	0	0	0	0	15	0	0	0	0	0	0	0	0	0	0
OTU_1435;size=3;	1	0	0	0	0	0	0	1	0	7	0	0	0	0	0	0	0	0	0	0
OTU_1514;size=2;	0	0	0	0	0	0	0	0	0	0	0	0	1	0	0	0	0	0	3	0
OTU_1116;size=10;	0	0	11	0	0	0	0	0	0	0	0	1	0	0	0	0	0	0	0	0
OTU_1134;size=10;	0	0	0	0	0	0	0	0	0	0	0	0	0	0	0	0	0	14	0	0
OTU_1027;size=16;	0	0	15	0	6	0	0	0	0	0	0	1	0	0	0	0	0	0	0	0
OTU_1351;size=4;	0	0	0	0	0	0	0	0	0	0	0	0	0	0	0	5	0	0	0	0
OTU_1023;size=14;	0	0	0	0	0	0	0	0	0	0	0	0	0	0	0	0	0	1	0	21
OTU_1559;size=2;	0	0	0	0	0	0	0	0	0	0	0	0	0	2	0	0	0	0	0	0
OTU_1321;size=4;	0	0	0	0	0	0	0	0	0	0	0	0	0	0	0	0	0	0	5	0
OTU_1356;size=4;	0	0	0	0	0	0	0	0	0	0	0	0	0	0	0	0	0	17	0	0
OTU_1461;size=4;	13	1	0	0	0	0	0	0	0	0	0	0	0	0	0	0	0	0	0	0
OTU_1579;size=2;	0	0	0	0	0	0	0	0	0	0	0	2	0	0	0	0	0	0	0	0
OTU_1583;size=2;	0	0	0	0	5	0	0	0	0	0	0	0	0	0	0	0	0	0	1	0
OTU_1238;size=6;	1	0	1	0	0	0	12	0	0	0	0	0	0	0	0	0	0	0	0	1
OTU_939;size=20;	0	0	0	1	0	0	33	0	0	0	0	0	0	0	0	0	0	0	0	0
OTU_1453;size=3;	0	0	3	0	0	0	0	0	0	0	0	0	0	0	0	0	0	0	0	0
OTU_1228;size=7;	0	0	0	0	0	0	12	0	0	0	1	0	0	0	0	0	0	0	0	0
OTU_1493;size=2;	0	1	0	0	0	0	0	1	0	0	0	0	1	1	0	0	0	0	0	0
OTU_1590;size=2;	0	0	4	0	0	0	0	0	3	0	0	0	0	0	0	0	0	0	0	0
OTU_1071;size=20;	0	0	0	0	1	0	0	0	0	33	0	0	0	0	0	0	0	0	1	0
OTU_1389;size=3;	1	0	0	0	0	0	0	6	0	0	0	0	0	0	0	0	0	0	0	0
OTU_1159;size=12;	0	0	1	0	0	1	9	0	0	0	0	0	0	9	0	0	0	0	0	0
OTU_1093;size=11;	0	0	0	20	0	0	0	0	0	0	0	0	0	0	0	0	0	0	0	0
OTU_1248;size=6;	0	9	0	0	0	0	0	0	0	0	0	0	0	0	0	0	0	0	0	0
OTU_1506;size=2;	0	0	0	0	0	0	0	0	0	0	0	0	0	0	0	0	2	0	0	0
OTU_1157;size=9;	0	0	0	0	0	0	0	0	0	0	0	18	0	0	0	0	0	0	0	0
OTU_1507;size=2;	0	0	0	0	0	0	0	0	0	0	0	0	0	2	0	0	0	0	0	0
OTU_1044;size=13;	0	0	0	0	2	0	0	0	24	0	0	0	0	0	0	0	0	0	0	0
OTU_1314;size=5;	0	0	0	0	0	0	0	0	0	0	0	0	0	7	0	0	0	0	0	0
OTU_1256;size=6;	0	0	0	0	0	0	0	0	0	12	0	0	1	0	0	0	0	0	0	0
OTU_1186;size=8;	0	0	0	0	0	0	0	0	0	0	0	0	0	0	0	0	0	13	0	0
OTU_1440;size=3;	0	0	0	0	0	0	0	3	0	0	0	0	0	0	0	0	0	0	0	0
OTU_1504;size=2;	0	0	0	0	1	0	0	0	0	0	0	0	0	0	0	1	0	0	0	0
OTU_1565;size=2;	0	0	0	0	0	0	0	0	3	0	0	0	0	0	0	0	0	0	0	0
OTU_1143;size=9;	0	0	0	0	0	0	0	0	0	0	0	0	1	0	16	0	0	0	0	0
OTU_1562;size=2;	0	0	6	0	0	0	0	0	0	0	0	0	0	0	0	0	0	0	0	0
OTU_1515;size=2;	0	0	0	0	0	0	0	0	0	0	0	0	0	0	0	0	0	0	0	5
OTU_1242;size=6;	0	0	0	0	0	0	0	0	0	0	0	0	11	0	0	0	0	0	0	0
OTU_1308;size=5;	0	0	0	0	0	0	0	0	0	7	0	0	0	0	0	0	0	0	0	0
OTU_1597;size=2;	0	0	0	0	0	0	0	0	0	0	0	0	0	0	0	0	0	4	0	0
OTU_1206;size=9;	0	0	0	0	1	0	13	0	0	0	0	0	0	0	0	0	0	1	0	0
OTU_975;size=21;	0	3	0	0	0	0	0	0	0	0	0	13	0	0	14	0	0	0	0	0
OTU_1036;size=13;	0	0	0	0	21	0	0	0	0	0	0	0	0	0	0	0	0	0	0	0
OTU_1425;size=3;	0	0	0	0	0	0	1	0	0	0	8	0	0	0	0	0	0	0	0	0
OTU_1410;size=3;	0	0	4	0	0	0	0	0	0	0	0	0	0	0	1	0	0	0	0	0
OTU_1191;size=8;	0	0	0	1	0	0	0	0	0	0	0	15	0	0	0	0	0	0	0	0
OTU_1420;size=3;	0	0	0	4	0	0	0	0	0	0	0	0	0	0	0	0	0	0	0	0
OTU_1144;size=9;	0	0	0	0	0	0	0	0	0	0	10	0	0	0	0	0	0	0	0	0
OTU_1257;size=6;	0	0	0	0	0	0	0	0	0	0	0	0	1	0	0	0	0	0	7	0
OTU_1234;size=6;	0	0	0	0	0	0	0	0	11	0	0	0	0	0	0	0	0	1	0	0
OTU_1209;size=7;	0	0	0	0	0	0	0	0	0	0	0	16	0	0	0	0	0	0	0	0
OTU_1364;size=4;	0	0	0	0	0	0	0	0	0	0	0	0	0	0	0	0	0	5	0	0
OTU_1442;size=3;	0	0	0	0	0	0	1	0	0	6	0	0	0	0	0	0	0	0	0	0
OTU_1433;size=3;	0	0	0	0	0	0	0	0	0	4	0	0	0	0	1	0	0	0	0	0
OTU_1363;size=4;	0	0	0	0	0	0	0	0	7	0	0	0	0	0	0	0	0	0	0	0
OTU_1261;size=6;	0	0	0	10	0	0	0	0	0	0	0	0	0	0	0	0	0	0	0	0
OTU_1585;size=2;	0	0	0	0	0	0	0	0	0	4	0	0	0	0	0	0	0	0	0	0
OTU_1526;size=2;	0	0	0	1	0	0	0	0	0	0	0	0	0	0	2	0	0	0	0	0
OTU_1028;size=14;	0	0	0	0	0	0	0	0	0	0	0	21	1	0	0	0	0	0	0	0
OTU_1472;size=2;	0	0	0	0	0	0	3	0	0	0	0	0	0	0	0	0	0	0	0	0
OTU_1306;size=9;	0	0	1	1	0	0	0	1	0	0	0	2	0	1	4	2	2	4	1	0
OTU_1495;size=2;	0	0	0	0	0	0	0	0	0	2	0	0	0	0	0	0	0	0	0	0
OTU_1330;size=6;	0	0	0	0	0	0	0	0	0	0	0	0	0	0	0	0	1	0	10	0
OTU_1601;size=2;	0	0	0	0	0	0	0	0	0	3	0	0	0	0	0	0	0	0	0	0
OTU_1253;size=8;	0	0	0	0	0	0	0	0	0	13	0	0	0	0	0	0	0	0	0	0
OTU_1169;size=9;	0	15	1	0	0	0	0	0	0	0	0	0	0	0	0	0	0	0	0	0
OTU_1147;size=9;	0	0	0	1	0	0	18	0	0	1	0	0	0	0	0	0	0	0	0	0
OTU_1584;size=4;	0	0	0	0	0	0	0	0	0	0	0	1	0	0	0	0	0	4	0	0
OTU_1250;size=6;	0	0	0	9	0	0	0	0	0	0	0	0	0	0	0	0	0	0	0	0
OTU_1312;size=5;	0	0	1	0	3	0	1	6	0	0	0	0	0	0	0	1	0	1	0	0
OTU_1414;size=5;	0	0	0	0	0	0	0	0	17	0	0	0	0	1	0	0	0	0	0	0
OTU_1274;size=7;	0	0	0	2	0	0	0	0	0	0	0	0	0	0	0	0	0	0	7	0
OTU_1323;size=4;	0	0	0	0	0	0	0	0	0	0	0	0	0	0	4	0	0	0	0	0
OTU_1349;size=4;	0	0	0	0	0	0	1	0	0	0	0	0	0	0	0	0	0	0	0	12
OTU_1402;size=3;	0	0	0	1	0	0	0	0	0	0	1	0	0	0	0	0	0	0	1	0
OTU_1465;size=2;	0	0	0	0	0	0	0	0	6	0	0	0	0	0	0	0	0	0	0	0
OTU_1110;size=10;	0	0	0	0	0	0	0	0	0	0	0	0	1	0	0	0	0	18	0	0
OTU_1454;size=3;	0	0	0	0	3	0	0	0	1	0	0	0	0	0	0	0	0	0	0	0
OTU_1517;size=2;	0	0	0	0	0	0	0	0	0	0	0	0	0	0	2	0	0	0	0	0
OTU_1226;size=7;	0	0	0	0	0	0	0	0	0	0	0	0	0	0	0	0	0	11	0	0
OTU_1522;size=2;	1	0	1	1	0	0	0	0	0	1	0	0	0	0	0	0	0	0	0	0
OTU_1512;size=2;	0	0	0	0	0	0	0	0	0	0	0	0	0	0	0	3	0	0	0	0
OTU_1489;size=2;	0	0	0	0	1	0	0	0	0	0	0	6	0	0	0	0	0	0	0	0
OTU_1551;size=2;	0	0	0	0	0	0	0	0	0	0	0	0	0	0	0	0	2	0	0	0
OTU_1086;size=11;	0	0	0	0	0	0	0	0	0	0	0	1	0	0	0	0	15	0	0	0
OTU_1345;size=4;	0	0	0	0	0	0	0	0	0	0	1	0	0	0	0	0	7	0	0	1
OTU_1524;size=2;	0	0	3	0	0	0	0	0	0	0	0	0	0	0	0	0	0	0	0	0
OTU_1379;size=3;	0	0	4	0	0	0	0	0	0	0	0	1	0	0	0	0	0	0	0	0
OTU_1572;size=2;	0	1	0	0	0	0	0	0	0	0	0	0	1	0	0	0	0	0	0	0
OTU_1215;size=7;	0	0	0	0	0	0	0	0	0	0	0	0	0	0	0	0	0	9	0	0
OTU_1290;size=5;	0	5	0	0	0	0	0	0	0	0	0	0	0	0	0	0	0	0	0	0
OTU_1582;size=2;	0	0	0	1	0	0	0	0	0	0	0	2	0	0	0	0	0	0	0	0
OTU_1358;size=4;	0	0	0	0	0	0	0	0	0	0	0	6	0	0	0	0	0	0	0	0
OTU_1540;size=2;	0	2	0	0	0	0	0	0	0	0	0	0	0	1	0	0	0	0	0	0
OTU_1367;size=4;	0	0	0	0	0	0	0	0	0	1	5	0	0	0	0	0	0	0	1	0
OTU_1369;size=4;	0	0	0	0	0	0	0	0	0	14	0	0	0	0	0	0	0	0	0	0
OTU_1270;size=7;	0	10	0	0	0	0	0	0	0	0	0	2	1	0	0	0	0	0	0	0
OTU_1205;size=7;	0	0	0	0	0	0	0	1	0	0	0	0	0	0	0	0	0	0	16	0
OTU_1082;size=14;	0	0	0	0	0	0	0	0	0	0	0	0	0	0	0	0	0	0	0	19
OTU_1286;size=9;	0	0	0	0	0	0	0	0	0	0	0	0	0	2	10	3	0	0	0	0
OTU_1412;size=3;	0	0	0	0	0	0	0	0	0	0	0	0	0	0	0	7	0	0	0	0
OTU_1405;size=3;	0	0	0	0	0	0	3	0	0	0	0	0	6	0	0	0	0	0	0	0
OTU_1576;size=2;	0	0	0	0	0	0	0	0	0	6	0	0	0	0	0	0	0	0	0	0
OTU_1383;size=3;	0	0	0	0	0	0	0	0	3	4	0	0	0	0	0	0	0	0	0	0
OTU_1415;size=3;	0	0	0	0	0	0	0	0	0	0	0	0	0	0	3	0	1	0	0	0
OTU_1437;size=3;	0	0	0	0	0	0	0	0	0	0	0	0	2	1	0	3	0	0	0	0
OTU_1428;size=3;	0	0	0	0	0	0	0	0	5	0	0	0	0	0	0	0	0	0	0	0
OTU_1357;size=4;	0	0	0	0	0	0	0	0	0	0	0	0	0	0	0	0	0	9	0	0
OTU_1339;size=4;	0	0	0	0	0	0	0	0	0	0	0	7	0	0	0	0	0	0	0	0
OTU_1396;size=3;	0	0	0	0	0	0	0	0	0	0	0	0	0	0	0	0	0	0	6	0
OTU_1486;size=2;	0	0	0	0	0	0	0	0	1	0	0	0	1	0	0	0	0	0	0	0
OTU_1536;size=2;	1	0	0	0	0	0	0	0	0	0	0	0	0	5	0	0	1	0	0	0
OTU_1587;size=2;	0	0	1	2	0	0	0	0	0	0	0	0	0	0	0	0	0	0	0	0
OTU_1464;size=2;	0	0	0	0	0	0	1	0	0	0	1	0	0	0	0	0	0	0	0	0
OTU_1573;size=2;	0	0	0	0	0	0	0	0	0	4	0	0	0	0	0	0	0	0	0	0
OTU_1446;size=3;	0	0	0	0	0	0	0	0	0	0	4	0	0	0	0	0	0	0	0	0
OTU_1418;size=3;	0	0	0	0	0	0	0	0	0	0	0	3	1	0	0	0	0	0	0	0
OTU_1532;size=2;	0	0	0	0	0	0	0	0	0	0	0	0	0	0	0	0	0	4	0	0
OTU_1575;size=2;	0	0	0	0	0	1	0	0	0	0	0	0	0	0	0	0	0	6	0	0
OTU_1476;size=2;	0	0	7	0	0	0	0	0	0	0	0	0	0	0	0	0	0	0	0	0
OTU_1368;size=4;	0	0	0	0	0	0	0	0	0	0	0	7	0	0	0	0	0	0	0	0
OTU_1513;size=2;	2	0	0	0	0	0	0	0	0	0	0	0	0	0	0	0	0	0	0	0
OTU_1479;size=2;	0	0	0	0	0	0	0	0	0	0	0	0	2	0	0	0	0	0	0	0
OTU_1471;size=2;	0	0	0	0	0	0	1	0	0	0	0	0	0	0	0	0	0	0	2	0
OTU_1577;size=2;	0	0	0	0	0	0	0	0	0	0	8	0	0	0	0	0	0	0	0	0
OTU_1500;size=2;	0	0	0	0	0	0	0	0	0	0	0	0	0	4	0	0	0	0	0	0
OTU_1478;size=2;	0	0	0	0	0	0	0	0	0	0	0	0	0	0	0	0	0	0	0	2
OTU_1406;size=3;	0	0	0	3	0	0	0	0	0	0	0	0	0	0	0	0	0	0	0	0
OTU_1244;size=6;	0	1	0	0	0	0	0	0	0	0	0	11	0	0	0	0	0	0	0	0
OTU_1246;size=6;	1	0	1	0	0	0	0	6	0	0	0	0	0	0	0	0	0	0	0	0
OTU_1403;size=3;	0	0	0	0	0	0	0	0	0	0	0	0	0	0	0	0	0	0	0	6
OTU_1527;size=2;	0	0	0	0	0	0	0	4	0	0	0	0	0	0	0	0	0	0	0	0
OTU_1374;size=3;	0	0	0	0	0	0	0	0	0	0	8	0	0	0	0	0	0	0	0	0
OTU_1586;size=2;	0	0	0	0	0	0	0	0	0	0	0	0	0	0	3	0	0	0	0	0
OTU_1560;size=2;	0	1	0	0	0	0	0	0	0	0	0	0	0	1	0	0	0	0	0	0
OTU_1581;size=2;	0	0	0	0	0	0	0	0	0	0	0	0	0	6	0	0	0	0	0	0
OTU_1593;size=2;	0	0	0	0	0	0	0	0	0	0	0	0	0	0	6	0	0	0	0	0
OTU_1387;size=3;	0	0	0	0	0	0	0	0	0	3	0	0	0	0	0	0	0	0	0	0
OTU_1384;size=3;	1	0	0	0	0	0	0	0	0	2	0	0	0	0	0	0	0	0	0	0
OTU_1342;size=4;	0	0	0	0	0	0	0	0	0	0	0	0	0	6	0	0	0	0	0	0
OTU_1279;size=5;	0	0	1	0	0	0	0	5	0	0	0	0	0	0	0	0	0	0	0	0
OTU_1380;size=3;	0	0	0	0	0	0	0	0	1	0	0	2	0	0	0	0	0	0	0	0
OTU_1558;size=2;	0	0	0	0	0	0	0	0	0	0	2	0	0	0	0	0	0	0	0	0
OTU_1466;size=2;	0	0	0	0	0	0	0	0	0	0	0	0	0	1	0	0	0	2	0	0
OTU_1523;size=2;	0	0	0	0	0	0	0	0	0	0	0	0	0	0	0	2	0	0	0	0
OTU_1578;size=2;	0	1	0	0	0	0	0	0	0	0	0	1	0	0	0	0	0	0	0	0
OTU_1391;size=3;	0	0	0	4	0	0	0	0	0	0	0	0	0	0	0	0	0	0	0	0
OTU_1594;size=2;	0	0	0	0	0	0	0	1	0	1	0	0	0	0	1	0	0	1	0	0
OTU_1441;size=3;	0	0	0	0	0	0	0	0	0	0	0	0	0	0	0	0	0	0	0	4
OTU_1411;size=3;	0	0	0	0	0	0	0	0	0	0	0	0	0	0	0	0	0	0	0	3
OTU_1376;size=3;	0	0	0	0	0	0	0	0	0	3	0	0	0	0	0	0	0	0	0	0
OTU_1460;size=2;	0	2	0	0	0	0	0	0	0	0	0	0	0	0	0	0	0	0	0	0
OTU_1548;size=2;	0	0	0	0	1	0	0	0	3	0	0	0	0	0	0	0	0	0	0	0
OTU_1550;size=2;	0	0	2	0	0	0	0	0	0	0	0	0	0	0	0	0	0	0	0	0
OTU_1462;size=2;	0	0	0	0	0	0	0	0	0	0	2	0	0	0	0	0	0	0	0	0
OTU_1557;size=2;	0	0	0	3	0	0	0	0	0	0	0	0	0	0	0	0	0	0	0	0
OTU_1511;size=2;	0	0	0	0	0	0	2	0	0	0	0	0	0	0	0	0	0	0	0	0
OTU_1574;size=2;	0	0	0	1	0	0	0	1	0	0	0	0	0	0	0	0	0	0	0	0
